Linear separator

0.121 0.122
0.087 0.087
0.110 0.109
0.082 0.082
0.077 0.078
0.075 0.076
0.091 0.090
0.084 0.084
0.080 0.080
0.086 0.088
0.077 0.077
0.084 0.085
0.100 0.100
0.078 0.079
0.091 0.091
0.078 0.078
0.077 0.077
0.079 0.079
0.084 0.086
0.079 0.079
0.079 0.079
0.077 0.077
0.078 0.078
0.089 0.089
0.076 0.077
0.076 0.076
0.077 0.077
0.075 0.076
0.074 0.075
0.078 0.079
0.075 0.075
0.077 0.077
0.074 0.075
0.079 0.078
0.077 0.078
0.083 0.083
0.076 0.077
0.081 0.081
0.076 0.077
0.075 0.076
0.078 0.078
0.080 0.081
0.079 0.079
0.076 0.077
0.074 0.074
0.081 0.082
0.078 0.078
0.085 0.085
0.076 0.076
0.077 0.077
0.077 0.077
0.077 0.077
0.078 0.079
0.085 0.085
0.076 0.077
0.076 0.076
0.075 0.075
0.076 0.077
0.076 0.077
0.079 0.079
0.079 0.080
0.077 0.077
0.077 0.077
0.074 0.075
0.076 0.076
0.077 0.077
0.076 0.076
0.076 0.076
0.076 0.077
0.078 0.078
0.077 0.077
0.076 0.077
0.074 0.075
0.075 0.076
0.075 0.076
0.076 0.077
0.078 0.078
0.076 0.076
0.076 0.076
0.076 0.076
0.082 0.082
0.081 0.082
0.074 0.075
0.076 0.076
0.074 0.075
0.075 0.076
0.078 0.078
0.075 0.076
0.075 0.076
0.077 0.078
0.074 0.075
0.079 0.080
0.078 0.080
0.077 0.078
0.075 0.075
0.077 0.077
0.074 0.074
0.074 0.075
0.074 0.075
0.080 0.080
0.076 0.076
0.086 0.086
0.074 0.075
0.081 0.081
0.080 0.081
0.080 0.080
0.076 0.076
0.074 0.074
0.081 0.081
0.077 0.078
0.076 0.077
0.076 0.077
0.075 0.075
0.077 0.078
0.075 0.075
0.075 0.075
0.075 0.075
0.075 0.076
0.074 0.075
0.074 0.075
0.074 0.075
0.074 0.075
0.075 0.075
0.074 0.075
0.074 0.075
0.075 0.076
0.074 0.075
0.074 0.075
0.075 0.076
0.074 0.075
0.074 0.075
0.074 0.075
0.075 0.075
0.075 0.076
0.074 0.075
0.075 0.075
0.074 0.074
0.074 0.074
0.074 0.075
0.074 0.075
0.074 0.075
0.075 0.075
0.074 0.075
0.074 0.075
0.074 0.075
0.076 0.076
0.075 0.075
0.074 0.075
0.075 0.075
0.076 0.076
0.074 0.074
0.074 0.075
0.074 0.074
0.076 0.076
0.074 0.075
0.074 0.075
0.074 0.075
0.074 0.074
0.074 0.075
0.077 0.077
0.074 0.075
0.074 0.075
0.074 0.075
0.074 0.075
0.074 0.074
0.074 0.075
0.074 0.075
0.074 0.075
0.074 0.075
0.074 0.075
0.074 0.075
0.074 0.075
0.074 0.075
0.074 0.075
0.074 0.075
0.074 0.075
0.074 0.075
0.074 0.075
0.074 0.075
0.074 0.075
0.074 0.075
0.074 0.075
0.074 0.074
0.075 0.075
0.074 0.075
0.074 0.075
0.074 0.075
0.074 0.075
0.074 0.074
0.074 0.075
0.074 0.074
0.074 0.074
0.074 0.075
0.074 0.075
0.074 0.075
0.074 0.074
0.074 0.074
0.074 0.075
0.074 0.074
0.074 0.075
