668.212 287.045
673.779 289.402
676.460 290.600
676.662 290.701
683.372 293.632
689.739 296.396
710.498 305.355
710.678 305.411
698.865 300.247
701.647 301.422
701.768 301.434
702.490 301.736
702.554 301.749
704.346 302.507
702.511 301.723
701.806 301.418
702.110 301.405
705.806 303.030
704.078 302.273
704.110 302.292
705.076 302.674
706.088 303.157
706.761 303.484
691.181 296.842
698.313 299.918
689.298 296.054
690.540 296.596
692.070 297.238
690.366 296.480
689.049 295.945
688.953 295.907
689.191 296.012
691.229 296.909
687.887 295.447
688.791 295.919
687.040 295.154
686.898 295.119
687.025 295.178
687.150 295.261
686.759 295.072
690.027 296.476
686.497 294.949
687.741 295.497
685.021 294.298
685.148 294.359
685.025 294.302
685.039 294.302
688.649 295.768
687.668 295.371
683.976 293.841
680.905 292.527
680.919 292.529
659.826 283.457
659.685 283.374
659.429 283.265
653.438 280.727
653.442 280.732
654.011 280.986
653.367 280.709
653.259 280.649
644.537 276.710
645.142 276.960
643.184 276.064
639.563 274.523
647.634 278.054
639.266 274.427
638.426 274.066
638.537 274.085
638.433 274.052
638.371 274.022
638.309 274.008
640.499 274.959
637.003 273.429
637.277 273.540
644.745 276.762
634.546 272.379
634.528 272.371
635.915 273.053
624.421 268.034
622.140 266.937
621.659 266.733
621.306 266.580
619.764 265.922
617.702 265.007
616.044 264.352
613.585 263.283
613.413 263.222
613.326 263.171
612.625 262.886
612.145 262.694
618.230 265.314
612.210 262.731
598.787 256.949
598.834 256.990
595.136 255.403
593.178 254.568
595.556 255.572
596.711 256.107
592.595 254.301
594.385 255.039
590.273 253.294
592.445 254.127
590.235 253.260
586.063 251.527
586.018 251.499
584.943 251.117
585.157 251.224
586.598 251.827
586.972 252.034
583.239 250.397
585.118 251.198
586.748 251.911
582.851 250.226
582.925 250.270
578.877 248.586
578.983 248.644
578.731 248.532
578.766 248.511
597.781 257.107
578.538 248.440
580.026 249.024
579.226 248.783
576.102 247.456
572.531 245.862
572.728 245.956
571.960 245.626
572.133 245.727
568.919 244.347
570.502 245.048
583.288 250.482
568.604 244.250
568.333 244.141
570.981 245.264
572.655 245.940
569.975 244.871
568.401 244.174
568.964 244.416
567.884 243.938
567.590 243.825
563.512 242.187
563.485 242.174
565.073 242.884
563.217 242.077
562.575 241.819
568.034 244.144
562.651 241.853
562.506 241.799
562.998 242.004
562.327 241.690
562.199 241.631
562.082 241.600
564.525 242.627
559.522 240.538
557.501 239.649
554.894 238.543
554.138 238.257
557.612 239.743
553.138 237.845
551.628 237.203
552.017 237.416
552.988 237.729
555.884 239.067
551.370 237.074
550.585 236.718
550.316 236.659
550.229 236.637
549.946 236.514
550.174 236.597
541.828 233.017
540.622 232.543
541.020 232.665
539.927 232.242
539.856 232.167
538.649 231.657
538.788 231.695
538.572 231.636
535.173 230.135
534.964 230.064
534.351 229.791
534.470 229.853
533.469 229.414
532.769 229.062
532.765 229.054
532.481 228.919
535.399 230.197
545.778 234.707
540.522 232.375
532.363 228.875
532.161 228.786
532.324 228.855
529.764 227.717
530.119 227.856
529.729 227.715
529.180 227.476
529.197 227.480
530.194 227.908
529.678 227.681
527.512 226.743
527.357 226.642
527.406 226.669
527.182 226.570
527.128 226.546
521.411 224.071
521.958 224.294
521.302 224.041
516.844 222.114
514.243 220.960
514.346 221.010
514.229 220.955
512.138 220.091
512.117 220.080
512.055 220.056
512.174 220.094
522.422 224.527
512.493 220.249
515.629 221.585
511.356 219.753
511.600 219.881
511.100 219.655
510.973 219.584
510.978 219.596
510.850 219.568
511.274 219.744
510.725 219.507
510.591 219.442
510.881 219.517
510.458 219.371
510.868 219.458
512.196 220.183
510.285 219.288
510.373 219.328
510.621 219.452
500.593 215.119
500.547 215.104
504.969 216.985
500.658 215.127
499.694 214.670
498.822 214.287
498.562 214.173
497.880 213.914
498.019 213.933
497.839 213.857
499.342 214.508
497.745 213.809
497.931 213.897
497.687 213.790
497.574 213.726
498.374 214.062
497.562 213.723
497.546 213.689
498.281 214.021
497.521 213.687
497.210 213.556
497.390 213.622
496.206 213.181
496.196 213.173
495.853 212.978
495.709 212.930
496.714 213.312
484.156 207.971
484.088 207.948
484.115 207.966
485.126 208.367
483.769 207.765
482.607 207.239
484.411 208.119
481.721 206.869
480.795 206.502
480.794 206.503
480.755 206.467
480.410 206.295
480.327 206.257
480.379 206.299
480.413 206.283
468.811 201.208
471.539 202.357
468.772 201.190
468.956 201.282
468.967 201.280
454.199 194.837
454.301 194.922
454.504 194.958
454.759 195.069
454.081 194.774
458.060 196.487
454.177 194.825
453.747 194.657
453.852 194.694
453.949 194.753
453.692 194.632
453.669 194.601
453.692 194.611
453.673 194.607
454.288 194.883
453.629 194.581
453.453 194.481
451.862 193.764
452.272 193.897
451.822 193.743
449.062 192.551
449.143 192.568
447.510 191.948
446.550 191.483
446.385 191.420
446.489 191.463
446.367 191.424
446.645 191.521
449.053 192.565
450.240 193.033
446.318 191.381
447.502 191.927
441.774 189.443
441.321 189.237
441.296 189.222
439.897 188.587
439.762 188.515
439.748 188.513
439.736 188.520
441.276 189.164
439.472 188.380
439.382 188.347
439.450 188.384
439.397 188.355
427.720 183.387
427.656 183.367
427.607 183.248
427.550 183.239
427.948 183.408
427.481 183.222
426.924 182.987
426.676 182.912
426.681 182.921
426.767 182.946
426.660 182.948
426.634 182.892
426.622 182.886
425.527 182.368
425.331 182.301
425.016 182.121
423.321 181.403
423.307 181.396
423.227 181.367
423.178 181.329
423.069 181.297
422.926 181.248
423.511 181.521
421.689 180.737
421.719 180.723
421.662 180.719
421.665 180.723
421.672 180.720
422.900 181.242
424.111 181.754
421.610 180.696
424.447 181.897
429.211 183.965
421.416 180.615
421.162 180.518
421.013 180.466
420.937 180.426
420.904 180.425
421.778 180.809
423.518 181.537
420.798 180.399
420.797 180.392
420.710 180.359
420.721 180.365
420.531 180.312
420.457 180.251
421.024 180.488
420.263 180.179
420.303 180.200
420.222 180.173
420.225 180.162
420.286 180.184
420.154 180.138
420.324 180.202
420.063 180.127
420.004 180.087
419.982 180.080
419.648 179.930
419.601 179.930
419.195 179.744
418.418 179.418
418.814 179.591
418.301 179.356
418.366 179.391
418.123 179.284
418.006 179.240
417.980 179.228
417.970 179.226
418.089 179.287
409.826 175.697
409.861 175.693
402.282 172.431
402.144 172.373
402.068 172.357
402.030 172.345
402.046 172.358
400.507 171.711
401.213 172.018
400.567 171.825
400.378 171.661
400.929 171.922
401.212 172.030
400.281 171.633
400.164 171.580
400.067 171.536
399.965 171.509
399.978 171.509
400.003 171.505
396.320 169.909
398.308 170.770
395.811 169.648
395.580 169.582
395.572 169.580
395.611 169.610
393.388 168.635
393.371 168.646
393.539 168.717
392.972 168.486
394.181 168.978
392.908 168.407
392.867 168.402
392.929 168.400
392.896 168.427
393.759 168.765
392.895 168.420
392.912 168.412
392.843 168.386
392.913 168.416
392.752 168.339
391.973 167.982
391.949 167.986
391.952 167.971
393.981 168.905
391.933 167.968
391.792 167.921
391.304 167.715
393.698 168.769
391.527 167.812
391.227 167.683
391.243 167.686
391.219 167.675
391.331 167.690
391.238 167.697
391.213 167.679
391.198 167.666
391.837 167.950
391.399 167.771
390.766 167.464
391.276 167.716
390.744 167.453
390.741 167.452
390.816 167.475
390.730 167.441
390.757 167.449
390.732 167.440
390.717 167.443
390.643 167.408
390.672 167.425
390.611 167.389
390.583 167.381
388.200 166.352
388.177 166.358
388.171 166.335
388.208 166.359
388.131 166.294
387.950 166.223
387.723 166.144
387.586 166.068
387.661 166.100
387.670 166.100
387.558 166.071
386.449 165.566
386.409 165.555
386.303 165.514
389.011 166.622
386.347 165.519
386.241 165.466
386.236 165.458
386.276 165.468
386.197 165.451
386.232 165.489
386.292 165.479
386.315 165.487
386.233 165.463
386.163 165.440
396.392 169.796
386.202 165.469
386.445 165.560
386.352 165.529
386.167 165.445
386.148 165.440
385.926 165.322
386.091 165.405
386.254 165.452
387.571 166.000
385.598 165.169
385.613 165.188
385.543 165.169
385.549 165.169
385.510 165.155
385.454 165.170
385.443 165.178
385.444 165.155
385.380 165.129
388.462 166.451
386.431 165.654
385.447 165.166
384.920 164.937
384.855 164.926
384.803 164.899
384.816 164.884
384.815 164.891
384.806 164.877
384.815 164.889
384.740 164.866
384.456 164.728
384.445 164.715
384.926 164.943
384.346 164.681
384.879 164.936
384.360 164.665
386.451 165.595
384.308 164.656
383.538 164.355
383.548 164.373
383.487 164.321
383.539 164.334
380.087 162.848
380.741 163.150
381.028 163.259
380.088 162.849
380.200 162.915
380.663 163.127
380.020 162.824
380.155 162.883
380.018 162.822
380.039 162.844
379.982 162.825
379.767 162.730
378.470 162.169
378.434 162.148
378.432 162.127
378.406 162.136
378.630 162.237
378.338 162.121
378.379 162.138
378.375 162.117
378.306 162.108
378.698 162.289
378.535 162.214
380.642 163.152
378.204 162.083
378.174 162.077
377.848 161.934
377.782 161.918
377.767 161.923
377.763 161.927
377.320 161.720
377.381 161.749
377.387 161.737
377.326 161.702
377.414 161.757
377.225 161.682
377.220 161.655
377.128 161.600
377.053 161.598
377.053 161.585
377.020 161.570
377.042 161.580
380.475 163.124
376.939 161.553
376.930 161.544
376.880 161.510
376.862 161.508
376.942 161.527
377.077 161.609
377.094 161.606
376.809 161.489
376.847 161.514
376.510 161.338
376.537 161.340
376.584 161.395
376.577 161.375
377.766 161.935
376.348 161.260
376.303 161.242
376.385 161.287
376.273 161.240
376.325 161.244
376.964 161.615
376.577 161.401
376.184 161.232
375.965 161.194
375.862 161.159
375.819 161.172
375.665 161.080
375.726 161.148
375.614 161.086
375.568 161.060
375.575 161.064
375.551 161.069
375.567 161.073
375.661 161.118
375.713 161.166
375.477 161.056
375.489 161.087
375.417 161.068
376.494 161.594
375.461 161.093
375.342 161.037
374.230 160.600
374.238 160.658
374.217 160.566
374.160 160.577
374.646 160.751
374.117 160.561
374.965 160.926
373.769 160.404
373.330 160.216
373.369 160.261
373.288 160.201
373.287 160.203
373.276 160.194
373.250 160.183
372.970 160.085
373.102 160.147
373.175 160.176
372.953 160.093
372.932 160.093
372.965 160.108
373.032 160.135
372.868 160.072
372.915 160.124
372.869 160.086
373.033 160.128
372.825 160.042
372.606 159.953
372.594 159.932
372.585 159.942
372.592 159.945
372.592 159.945
372.631 159.944
372.502 159.894
372.965 160.125
372.485 159.902
372.497 159.904
372.358 159.842
372.268 159.820
372.280 159.840
372.232 159.802
372.472 159.931
371.336 159.332
376.412 161.625
371.259 159.316
371.249 159.319
371.342 159.347
372.875 160.066
371.277 159.369
371.166 159.303
371.112 159.278
371.042 159.233
370.945 159.171
370.936 159.146
370.908 159.143
370.881 159.141
371.024 159.192
370.803 159.103
370.491 158.971
370.578 159.003
370.504 158.978
370.436 158.984
370.493 158.990
370.273 158.910
370.242 158.910
370.527 158.922
370.223 158.860
370.547 158.986
370.162 158.826
371.431 159.427
370.115 158.836
370.344 158.942
370.062 158.808
370.028 158.791
371.980 159.635
370.011 158.794
370.011 158.802
369.660 158.644
369.730 158.621
369.453 158.588
368.691 158.282
368.617 158.293
368.625 158.320
368.594 158.321
368.363 158.245
368.684 158.335
368.325 158.210
368.578 158.375
368.286 158.214
368.352 158.211
368.236 158.200
368.178 158.170
368.176 158.162
368.208 158.150
368.185 158.176
368.174 158.173
368.007 158.083
368.069 158.074
367.997 158.085
368.117 158.084
367.997 158.081
367.875 158.019
368.172 158.133
367.231 157.715
367.219 157.684
367.206 157.680
367.166 157.665
367.312 157.641
367.138 157.650
367.018 157.597
367.002 157.590
367.032 157.601
367.033 157.578
367.310 157.719
366.462 157.364
366.655 157.428
366.406 157.404
366.332 157.378
366.235 157.402
365.970 157.273
366.014 157.293
365.540 157.101
365.537 157.097
365.804 157.222
365.483 157.078
365.381 157.047
365.358 157.039
365.351 157.035
365.526 157.082
365.603 157.139
365.782 157.236
365.329 157.010
365.532 157.102
365.454 157.000
365.409 157.077
365.312 157.007
365.413 157.050
365.235 156.913
365.119 156.903
365.120 156.906
365.130 156.909
365.261 156.959
365.117 156.905
365.103 156.931
365.122 156.931
365.007 156.871
364.963 156.794
364.958 156.775
364.909 156.889
364.908 156.887
364.885 156.875
364.914 156.882
364.535 156.710
364.733 156.798
364.499 156.706
364.470 156.678
364.461 156.658
364.510 156.696
364.487 156.686
364.473 156.675
364.441 156.664
364.406 156.684
364.422 156.701
363.979 156.517
363.618 156.327
363.616 156.323
363.642 156.335
363.563 156.302
363.399 156.246
363.390 156.380
363.385 156.249
363.382 156.249
363.532 156.361
363.247 156.192
363.206 156.190
363.386 156.214
363.049 156.092
363.009 156.088
363.171 156.126
363.103 156.191
362.980 156.071
362.983 156.066
362.964 156.069
362.896 155.997
362.950 156.009
362.816 155.931
362.897 155.980
362.775 155.921
362.757 155.902
362.779 155.924
362.722 155.895
362.769 155.908
362.685 155.881
362.786 155.995
362.618 155.871
362.592 155.873
362.524 155.836
362.508 155.814
362.347 155.752
362.256 155.741
362.131 155.682
362.168 155.695
362.086 155.664
362.168 155.671
362.027 155.645
362.214 155.706
362.193 155.813
361.973 155.642
362.031 155.658
361.939 155.625
362.131 155.663
362.042 155.705
361.865 155.553
361.892 155.569
361.845 155.535
361.879 155.559
361.778 155.509
361.763 155.505
361.742 155.498
361.765 155.480
361.846 155.551
361.711 155.478
362.060 155.603
361.685 155.443
361.655 155.466
361.525 155.424
361.494 155.427
361.676 155.533
361.491 155.432
361.520 155.432
361.341 155.372
361.340 155.365
361.421 155.339
361.380 155.365
361.314 155.384
361.390 155.466
361.213 155.329
361.357 155.393
361.207 155.347
361.228 155.333
361.199 155.327
361.215 155.358
361.188 155.345
361.337 155.322
361.129 155.315
361.093 155.297
361.120 155.306
361.527 155.460
361.214 155.353
361.055 155.274
361.198 155.372
360.989 155.258
361.055 155.255
360.953 155.246
360.955 155.251
360.872 155.223
360.886 155.218
361.086 155.372
360.885 155.264
360.880 155.249
360.867 155.244
360.882 155.265
360.822 155.277
361.297 155.448
360.966 155.343
360.880 155.310
360.773 155.274
360.722 155.261
360.526 155.126
360.540 155.072
360.508 155.097
360.439 155.078
360.460 155.099
360.885 155.074
360.409 155.095
360.439 155.081
360.538 155.144
361.167 155.415
360.406 155.076
360.373 155.065
360.259 155.023
360.279 155.025
360.261 155.024
360.287 155.034
360.209 154.987
360.183 154.998
360.266 155.052
360.244 155.029
360.191 154.987
360.157 154.974
360.181 154.979
360.082 154.983
359.982 154.917
360.114 155.052
360.097 154.944
359.989 154.911
359.932 154.925
359.824 154.875
359.920 154.883
359.897 154.866
359.805 154.831
359.791 154.845
359.724 154.811
360.601 155.241
359.655 154.790
359.714 154.827
359.658 154.815
359.598 154.818
359.408 154.713
359.409 154.713
359.393 154.704
359.433 154.701
359.375 154.702
359.240 154.706
359.328 154.721
359.275 154.714
359.185 154.687
359.196 154.704
359.155 154.677
359.236 154.739
359.296 154.741
359.410 154.858
359.279 154.705
359.110 154.647
359.085 154.643
359.104 154.661
359.128 154.658
359.020 154.641
358.993 154.607
359.085 154.660
359.014 154.626
358.985 154.627
358.941 154.586
358.966 154.573
359.378 154.740
358.926 154.544
358.917 154.545
358.845 154.509
358.849 154.528
358.821 154.516
358.754 154.494
358.746 154.495
358.603 154.443
358.551 154.445
358.726 154.508
358.543 154.454
358.545 154.449
358.436 154.356
358.414 154.363
358.494 154.440
358.371 154.349
358.416 154.375
358.570 154.451
358.326 154.339
358.196 154.307
358.159 154.322
358.292 154.406
358.164 154.335
358.165 154.363
358.271 154.428
358.112 154.335
358.159 154.367
358.019 154.273
358.015 154.269
357.881 154.284
357.888 154.287
357.913 154.290
357.864 154.281
357.836 154.250
357.815 154.258
357.810 154.258
357.793 154.279
357.885 154.318
357.858 154.294
357.818 154.273
357.696 154.225
357.797 154.260
357.655 154.193
357.835 154.250
357.651 154.345
357.756 154.399
357.649 154.340
357.649 154.330
357.544 154.241
357.705 154.341
357.433 154.167
357.453 154.164
357.561 154.125
