562.757 242.673
562.247 242.437
562.299 242.456
562.368 242.485
562.118 242.402
562.061 242.389
563.071 242.798
563.340 242.816
563.413 242.804
562.453 242.479
562.044 242.308
561.957 242.272
561.612 242.118
561.771 242.173
561.579 242.096
561.504 242.067
563.075 242.720
560.445 241.690
559.384 241.310
559.352 241.297
555.977 239.886
559.905 241.583
563.269 243.101
563.531 243.204
559.150 241.347
559.328 241.414
557.205 240.521
557.658 240.680
557.629 240.661
558.233 240.890
558.127 240.844
558.050 240.816
558.575 241.001
556.875 240.289
556.547 240.157
557.052 240.367
554.782 239.375
554.891 239.411
555.429 239.667
552.514 238.456
554.302 239.236
552.427 238.560
552.653 238.508
551.676 238.162
551.227 237.967
551.214 237.933
560.575 241.597
555.149 239.570
560.663 241.943
550.444 237.761
550.532 237.797
552.935 238.809
550.449 237.765
548.405 237.026
548.451 237.058
546.021 235.942
542.248 234.476
531.105 229.686
530.643 229.582
529.607 229.199
534.499 231.233
529.042 228.967
529.149 229.017
528.899 228.872
530.006 229.363
528.913 228.926
526.538 228.020
526.297 227.929
526.520 228.034
526.503 228.008
525.371 227.533
525.396 227.567
526.232 227.892
527.962 228.636
525.077 227.416
525.180 227.454
525.009 227.379
524.943 227.364
524.857 227.326
524.720 227.276
524.772 227.298
524.883 227.345
524.811 227.303
525.557 227.690
524.644 227.253
524.201 227.054
531.236 230.026
520.477 225.607
515.877 223.620
516.239 223.804
515.769 223.699
515.969 223.767
515.503 223.585
515.755 223.733
515.558 223.590
516.313 223.908
517.265 224.357
515.025 223.417
515.130 223.506
514.304 223.151
515.700 223.826
514.437 223.212
514.359 223.177
514.736 223.416
515.264 223.554
514.370 223.180
517.295 224.345
513.651 222.962
513.580 222.936
513.668 222.984
513.709 222.977
518.259 224.886
513.471 222.886
513.487 222.901
513.395 222.866
512.517 222.483
512.265 222.372
511.865 222.295
511.749 222.251
511.501 222.149
511.773 222.249
511.401 222.136
512.585 222.625
511.521 222.204
511.439 222.153
511.811 222.339
511.334 222.148
514.878 223.636
511.155 222.040
511.070 222.021
511.032 222.002
515.174 223.647
510.921 221.969
512.632 222.753
504.610 219.395
504.505 219.352
504.448 219.326
504.545 219.363
504.601 219.374
507.455 220.516
504.225 219.251
504.184 219.235
506.554 220.175
504.064 219.191
504.143 219.221
500.349 217.606
500.613 217.663
501.673 218.157
496.088 215.727
495.300 215.479
494.552 215.191
495.010 215.360
494.168 215.032
494.210 215.044
494.196 215.104
498.478 216.693
494.049 214.968
493.725 214.832
495.366 215.537
493.600 214.803
485.201 211.429
487.626 212.352
484.137 210.976
482.996 210.537
482.911 210.542
482.573 210.424
482.472 210.369
484.421 211.043
482.437 210.364
480.374 209.484
480.489 209.519
480.002 209.337
479.875 209.315
479.709 209.253
479.831 209.312
479.984 209.383
480.855 209.729
479.518 209.179
479.337 209.107
479.507 209.156
479.282 209.071
480.583 209.347
477.714 208.426
475.543 207.527
473.846 206.794
474.016 206.886
473.775 206.767
480.233 209.521
474.280 207.011
473.785 206.782
473.209 206.509
468.355 204.377
467.122 203.907
466.033 203.359
466.159 203.427
465.964 203.321
468.671 204.601
475.942 207.322
465.045 202.951
464.964 202.920
467.153 203.810
464.801 202.861
464.741 202.838
465.370 202.981
464.440 202.678
464.301 202.700
464.240 202.676
465.490 203.243
464.086 202.650
464.020 202.621
459.531 200.687
461.244 201.394
459.302 200.637
462.711 202.058
459.048 200.596
459.106 200.609
459.057 200.600
459.199 200.651
458.977 200.576
459.025 200.596
462.288 201.912
459.184 200.637
458.885 200.544
458.104 200.217
457.392 199.933
456.785 199.738
456.738 199.704
456.639 199.648
456.758 199.696
456.706 199.698
456.431 199.574
456.476 199.596
455.586 199.236
456.179 199.509
455.228 199.087
452.944 198.080
452.538 197.993
452.580 197.996
451.915 197.765
451.841 197.723
452.090 197.834
451.998 197.768
451.211 197.430
454.373 198.875
451.184 197.406
451.196 197.377
450.979 197.309
450.939 197.287
451.744 197.606
448.460 196.308
448.445 196.297
447.646 195.960
450.002 197.097
447.701 195.988
447.697 195.981
440.864 193.260
440.831 193.221
440.731 193.181
458.039 200.250
440.635 193.122
439.363 192.610
434.733 190.566
434.428 190.406
435.793 190.952
434.378 190.389
434.318 190.472
433.180 189.998
433.002 189.831
432.939 189.809
432.877 189.781
429.790 188.473
429.742 188.460
429.761 188.430
433.010 189.664
429.699 188.401
432.846 189.672
430.841 188.842
429.631 188.301
429.589 188.233
429.334 188.166
428.814 187.967
428.821 187.930
428.857 187.946
428.785 187.921
426.594 186.981
424.585 186.214
429.973 188.562
424.444 186.146
424.520 186.171
425.111 186.398
424.425 186.139
424.316 186.087
424.823 186.338
425.052 186.440
423.956 186.007
423.850 185.968
423.927 185.992
423.840 185.950
422.373 185.294
422.353 185.295
421.928 185.186
422.075 185.245
411.850 181.068
412.088 181.171
411.745 181.021
411.698 181.005
411.734 181.019
411.715 181.010
411.751 180.992
411.700 181.003
426.355 186.895
411.712 181.027
411.248 180.866
410.856 180.699
410.715 180.642
410.663 180.638
410.642 180.621
410.635 180.639
410.599 180.621
410.268 180.464
410.300 180.458
410.349 180.535
410.221 180.455
410.352 180.544
406.807 179.019
405.549 178.488
400.840 176.456
400.526 176.210
401.009 176.406
400.525 176.203
400.994 176.288
400.489 176.210
400.944 176.323
401.403 176.565
400.649 176.273
400.369 176.151
398.748 175.623
398.352 175.422
398.438 175.419
397.339 174.938
397.322 174.934
397.362 174.949
395.249 174.108
395.249 174.109
395.494 174.229
395.234 174.104
395.239 174.116
395.242 174.109
395.163 174.121
395.116 174.120
395.066 174.079
395.212 174.158
395.003 174.032
395.089 174.059
395.052 174.061
393.797 173.520
393.800 173.521
393.757 173.497
393.825 173.538
393.734 173.482
393.783 173.525
393.019 173.191
393.039 173.198
397.265 174.793
393.083 173.220
393.768 173.492
393.217 173.261
392.927 173.143
392.885 172.983
392.470 172.962
391.212 172.484
391.128 172.443
392.997 173.205
391.369 172.547
391.211 172.455
392.685 173.167
390.953 172.354
391.118 172.423
390.917 172.337
390.864 172.317
388.131 171.085
388.230 171.199
387.406 170.821
387.647 170.926
387.440 170.852
387.493 170.877
387.545 170.908
387.510 170.891
386.696 170.558
386.750 170.573
387.123 170.541
386.838 170.621
386.757 170.591
386.640 170.547
386.604 170.530
386.544 170.484
386.416 170.415
386.414 170.410
386.269 170.378
387.026 170.646
385.988 170.302
386.057 170.334
385.931 170.274
385.849 170.224
385.703 170.175
385.357 170.050
384.818 169.819
384.054 169.540
383.824 169.450
383.775 169.413
383.717 169.388
383.076 169.115
382.567 168.900
382.535 168.882
382.541 168.884
382.529 168.879
382.531 168.878
382.502 168.890
382.358 168.824
382.371 168.830
381.641 168.543
382.008 168.696
381.548 168.499
381.238 168.391
381.808 168.630
380.464 168.112
379.848 167.890
379.776 167.851
379.792 167.818
377.886 166.981
377.839 166.984
378.196 166.897
379.910 167.789
377.793 166.980
377.733 166.931
377.380 166.815
377.396 166.836
377.342 166.798
377.028 166.642
377.072 166.654
379.380 167.588
375.807 166.225
376.136 166.323
375.801 166.240
376.268 166.444
375.724 166.218
375.584 166.156
375.455 166.112
375.369 166.041
375.437 166.063
375.503 165.977
375.332 166.034
375.282 165.992
375.218 165.959
375.798 166.254
375.300 165.965
375.185 165.889
375.262 165.930
376.595 166.192
375.876 166.242
375.423 166.060
374.787 165.795
374.891 165.763
374.715 165.768
374.991 165.873
374.763 165.846
375.599 166.159
374.715 165.821
374.670 165.823
374.348 165.683
374.421 165.736
374.884 165.861
374.402 165.692
374.150 165.588
374.148 165.569
372.894 165.135
372.899 165.118
372.885 165.109
372.869 165.124
372.830 165.110
372.834 165.110
372.567 165.077
372.505 164.975
372.492 164.971
373.090 165.216
372.496 164.972
372.480 164.959
372.008 164.757
372.094 164.778
372.087 164.764
371.250 164.458
371.279 164.493
371.246 164.473
371.208 164.461
371.164 164.432
371.150 164.427
371.138 164.453
371.066 164.396
370.840 164.310
370.916 164.280
370.828 164.253
370.811 164.231
370.958 164.317
370.854 164.311
370.726 164.253
370.799 164.291
370.729 164.237
371.148 164.615
370.689 164.216
370.565 164.166
370.491 164.144
369.766 163.875
369.845 163.892
370.825 164.226
369.693 163.833
369.671 163.768
369.604 163.785
369.495 163.750
369.473 163.755
369.412 163.749
369.385 163.741
369.369 163.730
369.382 163.724
369.367 163.720
369.280 163.709
369.314 163.715
369.245 163.704
369.260 163.737
369.225 163.708
369.197 163.664
369.075 163.635
369.058 163.625
368.958 163.582
369.319 163.729
369.247 163.692
368.897 163.569
369.498 163.729
368.863 163.543
368.834 163.538
368.846 163.537
368.662 163.422
368.636 163.394
368.600 163.380
368.758 163.546
368.602 163.375
368.881 163.477
368.567 163.240
368.570 163.242
368.574 163.251
368.565 163.260
368.496 163.289
368.548 163.310
366.812 162.672
366.797 162.658
366.854 162.650
366.801 162.601
366.731 162.659
366.716 162.647
366.709 162.641
366.690 162.627
366.662 162.609
366.635 162.603
366.712 162.680
365.363 162.189
365.377 162.215
365.174 162.133
365.215 162.122
365.164 162.124
365.177 162.118
365.124 162.105
365.125 162.107
365.191 162.130
365.126 162.113
365.092 162.189
365.094 162.215
365.380 162.147
365.301 162.283
365.115 162.182
365.079 162.172
365.072 162.163
365.037 162.141
365.065 162.140
365.011 162.115
364.817 162.076
364.829 162.107
364.854 162.049
364.773 162.017
364.698 162.006
363.274 161.549
363.276 161.553
362.822 161.489
363.651 161.786
362.950 161.522
362.797 161.487
363.495 161.824
362.816 161.508
362.793 161.485
362.161 161.325
362.600 161.432
362.080 161.262
362.089 161.266
362.082 161.263
362.222 161.412
362.075 161.219
362.035 161.220
362.124 161.232
362.019 161.091
361.928 161.213
361.941 161.102
361.875 161.075
361.783 161.076
361.786 161.073
361.973 161.028
361.766 161.070
361.805 161.265
361.758 161.261
361.723 161.237
361.745 161.274
361.753 161.252
361.661 161.196
361.667 161.180
361.651 161.182
361.659 161.192
361.642 161.185
361.546 161.095
361.537 161.098
361.534 161.101
361.541 161.103
361.494 161.076
361.484 161.059
361.485 161.061
361.433 161.024
361.811 161.267
361.449 161.031
361.344 160.970
361.276 160.930
361.223 160.909
361.101 160.840
361.155 160.788
361.113 160.848
361.088 160.854
361.068 160.830
361.042 160.825
361.127 160.746
361.182 160.870
361.000 160.795
361.001 160.794
361.172 160.868
360.919 160.775
360.951 160.832
360.886 160.754
360.909 160.759
361.156 160.858
360.901 160.764
360.839 160.750
360.652 160.639
360.687 160.649
360.627 160.626
360.620 160.628
360.772 160.612
360.563 160.586
360.404 160.675
360.356 160.555
360.349 160.545
360.382 160.566
360.432 160.566
360.298 160.503
360.185 160.499
360.218 160.513
360.182 160.468
360.180 160.466
360.161 160.447
360.204 160.434
360.052 160.402
360.039 160.396
359.924 160.340
359.984 160.376
359.913 160.340
360.215 160.407
359.871 160.282
360.452 160.501
359.836 160.278
359.737 160.296
359.724 160.284
359.693 160.335
360.014 160.631
359.606 160.304
359.578 160.290
361.845 160.732
359.625 160.281
359.558 160.291
359.558 160.281
359.580 160.282
359.553 160.276
359.513 160.258
359.529 160.272
359.502 160.249
359.538 160.240
359.484 160.243
359.453 160.233
359.427 160.357
359.463 160.352
359.422 160.351
359.321 160.322
359.288 160.312
359.314 160.372
359.400 160.350
359.223 160.303
359.154 160.246
359.146 160.245
359.159 160.252
359.393 160.274
359.111 160.246
359.119 160.249
359.137 160.260
359.304 160.334
359.158 160.275
359.938 160.493
359.054 160.225
359.077 160.233
359.042 160.213
359.043 160.173
359.186 160.315
358.999 160.208
358.980 160.201
359.141 159.987
358.965 160.198
358.947 160.186
358.893 160.186
358.894 160.189
358.963 160.146
359.022 160.350
358.858 160.161
358.840 160.148
358.849 160.173
358.829 160.162
358.805 160.138
358.830 160.130
358.917 160.163
358.746 160.111
358.768 160.127
358.753 160.114
358.783 160.124
358.755 160.116
358.766 160.101
358.685 160.084
358.714 160.074
358.591 160.008
358.769 160.074
358.570 159.987
358.598 160.024
358.537 159.977
358.618 160.114
358.634 160.005
358.396 159.859
358.414 159.867
358.330 159.826
358.405 159.740
358.380 159.842
358.758 160.103
358.319 159.801
358.337 159.801
358.438 159.764
358.478 159.864
358.307 159.660
358.299 159.652
358.289 159.649
358.282 159.643
358.266 159.690
358.242 159.635
358.190 159.638
358.180 159.626
358.133 159.635
358.065 159.710
358.102 159.721
358.052 159.692
357.994 159.732
358.104 159.763
357.940 159.611
357.902 159.562
357.961 159.515
357.929 159.592
357.907 159.565
357.826 159.515
357.810 159.502
357.838 159.521
357.762 159.468
357.773 159.463
357.734 159.463
357.784 159.459
357.718 159.459
357.691 159.460
357.653 159.507
357.659 159.511
357.567 159.530
357.561 159.526
357.547 159.510
357.610 159.545
357.484 159.458
357.352 159.342
357.268 159.323
357.234 159.299
357.304 159.345
357.292 159.288
357.167 159.214
357.207 159.176
357.319 159.226
357.190 159.290
357.101 159.189
357.172 159.081
357.214 159.386
357.218 159.204
357.024 159.119
357.011 159.121
357.039 159.109
357.072 159.038
356.977 159.100
357.326 159.140
356.942 159.095
356.837 159.025
356.870 159.048
356.822 158.987
356.845 159.005
356.761 159.015
356.815 159.206
356.750 159.008
356.709 158.977
356.814 159.063
356.635 158.975
356.786 158.963
356.698 159.002
358.184 160.036
356.807 159.150
356.624 159.060
356.812 159.164
356.675 159.103
356.583 159.040
356.521 158.878
356.463 158.942
356.459 158.921
356.431 158.913
356.413 158.921
356.317 158.680
356.355 158.668
356.266 158.647
356.429 158.733
356.287 158.668
356.190 158.643
356.143 158.546
356.162 158.605
356.136 158.572
356.375 158.898
356.144 158.594
356.085 158.595
356.022 158.546
355.993 158.534
356.070 158.583
356.065 158.678
355.972 158.532
356.013 158.577
355.966 158.528
355.961 158.542
355.933 158.528
355.949 158.526
355.997 158.642
355.917 158.504
355.936 158.496
355.895 158.465
356.056 158.577
356.006 158.500
356.111 158.591
355.798 158.469
355.786 158.472
355.812 158.551
355.716 158.372
355.647 158.369
355.628 158.366
355.573 158.344
355.517 158.324
355.546 158.340
355.480 158.341
355.661 158.471
355.190 158.238
356.016 158.355
355.197 158.198
355.428 158.180
355.052 158.196
355.083 158.204
355.103 158.216
355.134 158.305
355.063 158.182
355.078 158.310
355.034 158.178
355.159 158.228
354.991 158.188
354.974 158.163
355.349 158.244
354.946 158.156
355.079 158.246
354.796 158.112
354.796 158.147
354.686 158.060
354.706 158.067
354.674 158.089
354.680 158.097
354.724 158.099
354.609 158.088
354.552 158.048
354.817 158.132
354.475 158.052
354.535 158.048
354.509 158.027
354.459 158.043
354.400 157.991
354.348 157.970
354.318 157.959
354.222 157.920
354.209 157.892
354.201 157.883
354.202 157.890
354.215 157.902
354.129 157.847
354.222 157.883
354.111 157.806
354.029 157.752
354.033 157.723
354.040 157.747
354.001 157.690
353.962 157.735
354.108 157.863
353.975 157.748
354.140 157.906
353.998 157.740
353.857 157.834
353.879 157.867
353.783 157.808
353.782 157.804
353.912 157.891
353.777 157.794
353.921 157.870
353.755 157.787
353.757 157.810
353.767 157.788
353.733 157.785
354.058 157.688
353.725 157.765
353.513 157.666
353.430 157.671
353.385 157.502
353.438 157.530
353.486 157.731
353.364 157.505
353.261 157.465
353.330 157.489
353.285 157.483
353.228 157.564
353.191 157.574
353.205 157.572
353.154 157.558
353.132 157.632
353.183 157.581
353.111 157.611
353.048 157.551
352.917 157.510
352.884 157.511
352.872 157.490
352.832 157.497
352.782 157.457
352.803 157.467
352.821 157.471
352.742 157.444
352.625 157.298
352.640 157.292
352.566 157.291
352.551 157.285
352.646 157.362
352.420 157.291
352.440 157.289
352.333 157.235
352.342 157.255
352.365 157.322
352.310 157.267
352.295 157.270
352.368 157.303
352.262 157.280
352.090 157.112
352.401 157.440
352.045 157.109
352.015 157.201
352.022 157.197
352.042 157.202
352.170 157.243
351.965 157.162
351.848 157.176
351.591 157.056
351.547 157.025
351.540 157.020
352.092 157.316
351.527 156.973
351.523 156.969
