588.681 252.697
587.575 252.240
587.577 252.262
585.552 251.354
604.849 259.576
604.921 259.589
604.784 259.568
604.302 259.327
603.536 258.977
603.600 258.996
599.056 257.076
602.481 258.496
602.442 258.486
602.753 258.625
611.872 262.536
613.073 263.048
617.081 264.785
615.130 263.990
615.851 264.282
613.091 263.118
613.382 263.236
618.931 265.648
610.655 262.096
609.423 261.570
612.275 262.738
609.063 261.377
608.949 261.342
608.372 261.072
607.867 260.880
607.836 260.862
610.587 261.986
610.859 262.109
608.614 261.167
608.632 261.173
608.438 261.062
602.692 258.637
601.873 258.314
602.310 258.501
602.568 258.609
602.181 258.421
599.530 257.339
600.070 257.519
599.421 257.264
598.266 256.737
598.253 256.734
605.198 259.599
593.620 254.636
598.015 256.496
598.159 256.543
598.773 256.799
594.536 255.148
594.494 255.134
591.877 253.968
591.589 253.877
591.388 253.769
592.187 254.079
598.239 256.694
592.268 254.092
584.543 250.854
582.413 249.956
584.476 250.772
588.247 252.478
578.773 248.412
579.394 248.678
577.927 248.045
577.876 248.004
578.619 248.323
579.548 248.742
577.723 247.904
577.796 247.922
578.070 248.060
577.168 247.669
577.111 247.578
578.493 248.164
569.187 244.212
576.125 247.169
569.074 244.174
567.933 243.714
567.264 243.432
567.136 243.413
567.492 243.543
566.356 243.075
568.247 243.881
565.535 242.729
565.552 242.733
565.287 242.627
565.799 242.821
563.455 241.907
565.364 242.656
565.665 242.864
562.024 241.360
561.958 241.245
557.530 239.316
555.552 238.448
554.539 238.016
553.687 237.632
546.509 234.760
553.140 237.632
546.287 234.671
546.122 234.621
549.082 235.812
559.146 240.214
553.445 237.745
550.143 236.317
546.045 234.582
541.639 232.717
541.630 232.709
540.397 232.234
541.499 232.687
539.637 231.844
540.296 232.151
542.536 233.186
536.644 230.658
536.475 230.613
536.557 230.613
553.483 237.951
545.939 234.703
533.087 229.320
532.144 228.933
532.003 228.850
531.693 228.721
535.687 230.386
531.126 228.509
531.065 228.480
531.236 228.567
531.047 228.471
531.179 228.476
525.669 226.232
525.545 226.200
526.282 226.496
524.817 225.881
525.973 226.394
524.864 225.885
533.430 229.648
521.549 224.554
521.419 224.506
509.968 219.959
511.378 220.552
509.754 219.891
512.828 221.213
508.758 219.493
508.458 219.340
508.599 219.394
509.757 219.898
507.031 218.725
506.916 218.688
508.931 219.525
505.001 217.876
504.390 217.602
503.870 217.431
494.963 213.853
494.757 213.797
494.523 213.740
494.602 213.772
503.375 217.476
491.752 212.612
491.769 212.611
491.770 212.613
492.023 212.719
491.225 212.426
492.138 212.830
487.304 210.737
484.028 209.331
479.919 207.582
480.129 207.703
487.327 210.690
479.872 207.592
480.374 207.776
478.786 207.134
478.776 207.128
479.551 207.469
478.707 207.100
478.929 207.129
475.837 205.874
476.064 205.956
475.679 205.811
472.091 204.313
472.218 204.351
472.012 204.271
464.315 200.899
463.511 200.621
462.565 200.209
464.432 200.863
462.620 200.219
468.267 202.612
462.565 200.198
462.505 200.179
463.817 200.751
462.339 200.126
462.002 199.987
463.346 200.565
461.989 199.984
458.994 198.699
459.017 198.722
458.927 198.678
458.875 198.661
458.907 198.684
459.547 198.949
458.652 198.580
459.185 198.797
459.430 198.910
458.505 198.517
457.478 198.080
455.195 197.078
455.241 197.125
455.094 197.064
455.136 197.066
455.043 197.055
455.037 197.048
455.957 197.573
454.075 196.771
455.279 197.271
453.861 196.695
450.973 195.477
448.267 194.344
446.506 193.607
446.522 193.617
445.627 193.242
445.345 193.137
445.428 193.148
445.062 192.994
445.450 193.158
445.545 193.215
444.935 192.921
444.799 192.870
444.888 192.916
444.747 192.852
444.663 192.838
444.618 192.812
444.610 192.810
444.530 192.794
445.689 193.291
448.710 194.525
444.497 192.794
443.162 192.081
438.941 190.445
438.095 190.081
437.524 189.833
423.956 184.013
423.653 183.904
423.796 183.957
423.704 183.930
424.728 184.350
422.467 183.418
421.902 183.177
423.515 183.861
421.868 183.163
424.114 184.122
422.579 183.463
421.897 183.178
427.948 185.757
423.360 183.783
421.821 183.143
421.921 183.188
421.587 183.062
421.638 183.082
421.642 183.076
420.064 182.368
418.315 181.698
414.979 180.304
414.979 180.289
415.112 180.357
415.437 180.508
414.980 180.293
414.884 180.220
414.823 180.194
414.790 180.163
415.367 180.415
412.813 179.374
412.470 179.256
412.350 179.226
412.723 179.371
412.157 179.145
412.143 179.146
418.823 182.003
412.141 179.140
412.152 179.156
411.827 179.019
411.783 179.006
411.808 179.004
413.342 179.686
411.854 179.028
411.713 178.972
411.731 178.977
411.535 178.891
411.264 178.770
411.240 178.745
411.231 178.738
411.109 178.695
410.045 178.377
410.205 178.450
410.029 178.366
410.129 178.417
410.014 178.367
410.976 178.778
410.089 178.396
410.009 178.374
410.008 178.371
409.842 178.293
404.643 176.042
404.863 176.160
406.323 176.795
400.218 174.260
400.265 174.259
400.223 174.257
400.203 174.253
400.245 174.266
402.952 175.415
400.270 174.277
400.007 174.171
399.648 174.038
399.213 173.848
399.226 173.852
399.188 173.844
399.506 173.961
399.227 173.864
399.668 174.041
399.189 173.857
399.098 173.808
399.540 173.997
398.989 173.822
398.675 173.684
398.651 173.674
398.401 173.590
397.745 173.499
397.660 173.465
397.755 173.517
397.756 173.531
397.608 173.433
396.471 172.970
396.433 172.959
394.985 172.389
395.162 172.465
395.082 172.443
395.270 172.496
394.956 172.377
395.139 172.459
395.267 172.515
395.157 172.524
394.833 172.353
394.808 172.346
392.927 171.594
392.430 171.349
394.644 172.294
392.341 171.297
392.319 171.286
392.235 171.243
392.309 171.285
392.115 171.232
392.106 171.230
392.190 171.261
390.855 170.680
387.635 169.301
387.642 169.290
387.692 169.313
387.558 169.267
386.176 168.725
386.802 168.987
386.171 168.729
386.139 168.663
386.187 168.735
385.891 168.609
385.925 168.626
384.117 167.841
384.169 167.835
384.050 167.822
383.712 167.673
383.643 167.646
383.706 167.664
383.447 167.557
383.470 167.563
383.415 167.542
383.997 167.740
384.357 167.859
383.357 167.511
382.888 167.305
382.874 167.297
385.952 168.634
381.784 166.874
381.782 166.930
379.790 165.967
379.749 165.948
379.587 165.873
379.813 166.089
379.590 165.875
379.569 165.869
379.569 165.840
379.658 165.983
379.569 165.862
379.564 165.865
379.533 165.843
379.515 165.833
379.518 165.843
378.923 165.641
378.806 165.559
378.850 165.627
378.899 165.650
379.131 165.547
378.797 165.597
378.778 165.591
378.909 165.562
378.677 165.564
378.660 165.546
378.696 165.563
380.504 166.326
378.647 165.542
379.212 165.796
377.791 165.177
379.176 165.761
377.768 165.169
377.753 165.177
377.759 165.182
377.794 165.182
378.109 165.346
377.573 165.097
377.882 165.244
377.557 165.107
377.609 165.129
377.526 165.146
377.549 165.151
377.409 165.083
377.819 165.198
377.509 165.187
377.386 165.069
377.312 165.017
377.265 164.991
377.185 164.971
377.250 165.012
377.183 164.962
377.431 165.138
377.275 165.068
377.127 165.020
377.071 164.993
377.087 164.993
377.069 165.004
377.132 165.011
377.001 164.953
376.977 164.949
376.973 164.952
376.447 164.720
377.495 165.162
376.242 164.584
376.262 164.592
376.233 164.592
377.169 164.687
376.219 164.579
376.163 164.568
376.257 164.619
376.314 164.635
376.135 164.557
376.099 164.543
375.981 164.506
376.613 164.781
376.053 164.533
376.030 164.520
375.916 164.502
375.901 164.493
375.949 164.493
375.755 164.423
375.732 164.411
375.101 164.167
375.165 164.184
374.988 164.131
374.954 164.101
374.956 164.097
374.931 164.097
375.368 164.292
374.936 164.096
374.907 164.092
374.916 164.078
374.328 163.811
374.295 163.816
374.263 163.785
374.242 163.776
374.258 163.783
374.286 163.797
374.263 163.788
374.244 163.784
374.224 163.769
374.167 163.747
374.146 163.740
374.129 163.737
374.138 163.731
373.611 163.493
373.607 163.517
373.592 163.529
371.624 162.708
371.585 162.666
370.906 162.391
370.969 162.407
370.813 162.353
370.843 162.339
370.800 162.334
370.833 162.352
369.477 161.747
369.354 161.706
369.384 161.721
369.299 161.697
369.223 161.640
369.260 161.640
369.134 161.568
368.682 161.440
368.702 161.450
368.778 161.479
368.655 161.431
368.615 161.415
368.645 161.408
368.605 161.426
368.489 161.379
368.540 161.397
368.541 161.378
369.640 161.868
368.424 161.354
368.089 161.217
368.098 161.232
369.137 161.672
367.242 160.862
367.426 160.981
367.227 160.870
367.170 160.851
367.364 160.879
367.078 160.816
367.090 160.829
367.138 160.851
367.014 160.787
366.830 160.697
366.808 160.696
366.791 160.690
366.772 160.696
366.650 160.705
366.406 160.605
366.431 160.595
367.154 160.906
366.460 160.609
366.438 160.619
366.352 160.568
366.351 160.568
366.374 160.572
366.428 160.588
366.360 160.572
366.354 160.583
366.348 160.569
366.312 160.554
366.312 160.557
366.296 160.538
365.607 160.236
365.546 160.215
365.589 160.225
365.776 160.247
365.537 160.177
365.500 160.158
365.483 160.159
365.537 160.152
365.537 160.190
365.495 160.162
365.620 160.205
365.477 160.163
365.461 160.160
365.452 160.163
365.784 160.298
365.578 160.201
365.465 160.169
365.448 160.178
365.316 160.122
365.264 160.080
365.241 160.069
365.239 160.064
365.204 160.020
365.135 160.031
365.187 160.012
365.188 160.119
365.229 160.065
365.589 160.220
365.135 160.022
365.135 160.034
365.081 160.007
365.082 160.005
365.086 160.009
365.070 160.010
365.454 160.176
365.042 159.990
365.131 160.005
364.430 159.753
364.439 159.755
364.454 159.764
364.442 159.756
364.983 159.962
364.407 159.739
364.447 159.769
364.440 159.764
364.392 159.740
364.504 159.745
364.310 159.686
364.376 159.701
363.360 159.312
363.342 159.380
363.430 159.410
363.325 159.377
363.314 159.371
363.309 159.372
363.392 159.397
363.719 159.580
363.597 159.533
363.485 159.507
363.269 159.384
363.213 159.369
363.253 159.357
363.189 159.339
363.021 159.278
362.975 159.249
363.449 159.421
363.023 159.260
362.932 159.232
362.855 159.174
362.836 159.176
362.812 159.171
362.796 159.162
362.818 159.193
362.744 159.130
362.740 159.120
362.926 159.227
362.852 159.184
362.715 159.139
362.656 159.134
362.684 159.134
362.695 159.152
362.625 159.120
362.607 159.112
362.714 159.173
362.580 159.101
362.575 159.079
362.531 159.074
362.519 159.062
362.490 159.065
362.912 159.260
362.427 159.056
362.439 159.070
362.389 159.099
362.345 159.129
362.469 159.151
362.329 159.127
362.359 159.127
362.369 159.158
362.331 159.118
362.436 159.168
362.276 159.089
362.234 159.063
362.230 159.064
362.217 159.060
362.166 159.024
362.154 159.040
362.360 159.068
362.130 159.004
362.212 159.070
362.218 159.049
362.131 159.042
362.523 159.095
362.085 159.027
362.095 159.037
362.068 159.028
362.104 159.036
362.031 159.014
362.035 159.018
362.010 159.017
362.044 159.019
361.994 159.007
362.043 159.038
361.988 159.006
361.918 158.938
361.855 158.931
361.846 158.923
361.879 158.922
361.917 158.943
361.805 158.985
362.015 159.062
361.758 158.934
361.754 158.936
361.779 158.983
362.059 159.005
361.704 158.909
361.656 158.906
361.685 158.900
361.630 158.895
361.598 158.905
361.623 158.910
361.583 158.901
361.572 158.885
361.616 158.887
361.576 158.886
361.583 158.899
361.570 158.877
361.693 158.958
361.557 158.904
361.527 158.857
361.499 158.861
361.727 158.874
361.564 158.908
361.525 158.878
361.523 158.842
361.484 158.843
361.509 158.848
361.491 158.851
361.475 158.831
361.435 158.814
361.392 158.769
361.368 158.759
361.303 158.634
361.606 158.728
361.270 158.613
361.254 158.609
361.176 158.580
361.089 158.534
361.101 158.545
361.041 158.530
361.055 158.522
361.063 158.543
361.031 158.534
360.993 158.532
361.050 158.531
361.002 158.543
360.990 158.522
360.878 158.491
360.890 158.501
360.769 158.442
360.765 158.440
360.774 158.430
360.740 158.427
360.711 158.424
360.731 158.470
360.741 158.407
360.997 158.424
360.736 158.434
360.738 158.452
360.692 158.412
360.709 158.429
360.685 158.394
360.722 158.416
360.715 158.414
360.856 158.533
360.835 158.370
360.718 158.400
360.676 158.397
360.655 158.374
360.550 158.321
360.541 158.320
360.509 158.327
360.429 158.325
360.506 158.373
360.472 158.325
360.512 158.358
360.410 158.322
360.435 158.336
360.439 158.300
360.646 158.513
360.487 158.414
360.405 158.330
360.516 158.448
360.434 158.340
360.365 158.314
360.357 158.306
360.399 158.372
360.323 158.295
360.301 158.290
360.250 158.271
360.236 158.272
360.233 158.269
360.242 158.269
360.206 158.256
360.235 158.274
360.209 158.265
360.224 158.270
360.216 158.248
360.238 158.289
360.182 158.233
360.163 158.221
360.197 158.239
360.164 158.220
360.151 158.206
360.183 158.230
360.171 158.238
360.130 158.209
360.152 158.220
360.188 158.219
360.148 158.208
360.106 158.194
360.165 158.232
360.547 158.275
360.094 158.198
360.077 158.188
360.160 158.222
360.089 158.191
360.098 158.184
360.027 158.194
359.992 158.141
360.743 158.547
359.943 158.110
359.944 158.119
359.938 158.116
359.897 158.102
359.939 158.140
359.881 158.086
359.879 158.087
359.924 158.114
359.874 158.088
359.817 157.985
360.488 158.253
359.860 158.019
359.852 158.019
359.775 158.004
359.799 158.022
359.811 158.057
359.751 158.036
359.751 158.027
359.848 158.058
360.151 158.129
359.574 157.965
359.568 157.957
360.032 158.169
359.615 157.959
359.562 157.956
359.540 157.946
359.843 158.038
359.541 157.949
359.650 158.049
359.524 157.950
359.570 157.960
359.872 157.999
359.611 157.944
359.522 157.947
359.464 157.939
359.493 157.929
359.439 157.916
359.457 157.936
359.456 157.939
359.389 157.904
359.481 158.040
359.365 157.891
359.354 157.912
359.370 157.997
359.592 158.023
359.399 158.016
359.265 157.956
359.255 157.961
359.229 157.948
359.259 157.961
359.285 157.988
359.207 157.943
359.235 157.961
359.161 157.919
359.364 157.913
362.367 159.186
359.133 157.905
359.130 157.900
359.306 158.013
359.105 157.995
359.165 157.925
359.091 157.890
359.450 158.071
359.103 157.888
359.034 157.861
359.339 157.980
359.160 157.832
359.066 157.915
358.997 157.855
359.019 157.825
358.946 157.844
359.082 157.914
358.915 157.826
359.040 157.903
359.057 157.912
358.919 157.813
358.881 157.799
359.064 157.919
358.836 157.781
358.852 157.791
358.847 157.762
358.928 157.829
358.868 157.795
358.886 157.802
358.813 157.790
358.954 157.851
358.795 157.757
358.738 157.734
358.726 157.722
358.616 157.721
358.614 157.672
358.688 157.760
358.769 157.802
358.568 157.700
358.689 157.737
358.538 157.681
358.509 157.683
358.507 157.674
358.473 157.666
358.442 157.641
358.427 157.646
358.420 157.642
358.397 157.646
358.335 157.647
358.416 157.695
358.772 157.833
358.316 157.645
358.301 157.635
358.274 157.653
358.241 157.653
358.193 157.627
358.180 157.627
358.161 157.629
358.251 157.677
358.141 157.610
358.140 157.604
358.046 157.566
358.038 157.537
358.027 157.549
358.018 157.470
358.061 157.555
358.544 157.876
358.159 157.617
357.951 157.522
358.102 157.554
358.074 157.556
358.022 157.547
357.999 157.556
357.944 157.517
360.173 158.421
357.953 157.490
357.923 157.496
358.000 157.512
357.942 157.503
358.262 157.505
357.997 157.506
357.910 157.515
357.907 157.502
357.874 157.606
358.060 157.648
357.882 157.603
357.853 157.570
357.757 157.539
357.735 157.532
357.710 157.532
357.711 157.530
357.935 157.620
357.694 157.534
357.707 157.556
357.675 157.523
357.782 157.577
357.745 157.552
357.590 157.532
357.566 157.510
357.460 157.446
357.481 157.520
357.722 157.647
357.448 157.444
357.438 157.447
357.386 157.372
357.245 157.275
357.248 157.243
357.240 157.274
357.219 157.264
357.201 157.267
357.208 157.278
357.207 157.285
357.203 157.270
357.252 157.360
357.189 157.254
357.151 157.263
357.202 157.415
357.133 157.260
357.103 157.232
357.100 157.215
357.150 157.260
357.039 157.206
357.098 157.178
357.057 157.214
357.217 157.299
357.009 157.208
356.985 157.209
356.856 157.164
356.843 157.159
356.853 157.161
356.879 157.161
356.862 157.182
356.858 157.155
356.809 157.169
356.769 157.146
356.866 157.204
357.066 157.300
356.797 157.166
356.788 157.153
356.741 157.129
356.748 157.145
356.724 157.136
356.724 157.125
356.722 157.131
356.806 157.160
356.872 157.189
356.712 157.127
356.709 157.123
356.966 157.114
356.680 157.110
