850.804 366.626
839.233 361.383
838.322 360.980
841.023 362.174
840.870 362.096
835.809 359.884
840.728 361.958
840.638 361.930
841.923 362.502
841.783 362.418
839.760 361.529
832.006 358.110
831.737 357.988
846.145 364.236
846.247 364.278
846.414 364.312
848.005 364.971
847.961 364.938
845.884 364.041
847.986 365.042
848.583 365.287
844.976 363.708
845.194 363.787
845.158 363.769
845.103 363.731
846.526 364.335
846.458 364.314
846.338 364.268
846.482 364.327
846.473 364.316
846.569 364.347
846.682 364.384
847.940 364.940
854.877 367.849
855.978 368.308
855.874 368.257
856.929 368.736
861.438 370.565
855.163 367.860
855.213 367.878
861.782 370.635
862.040 370.719
861.526 370.490
860.578 370.091
860.578 370.090
860.436 370.034
860.457 370.048
859.348 369.551
859.292 369.525
859.479 369.622
858.658 369.246
857.192 368.591
857.851 368.836
857.811 368.814
857.379 368.643
845.409 363.555
850.464 365.739
851.674 366.322
852.012 366.483
851.699 366.359
848.814 365.120
849.147 365.276
849.301 365.331
849.248 365.288
849.194 365.260
849.106 365.221
849.197 365.260
849.207 365.272
862.839 371.543
862.734 371.496
862.792 371.530
866.016 372.940
865.990 372.926
868.159 373.833
869.137 374.143
869.643 374.355
866.489 372.916
865.105 372.355
865.047 372.324
862.370 371.169
862.344 371.174
871.035 374.966
864.661 372.199
864.810 372.275
865.163 372.447
868.017 373.697
864.888 372.328
864.940 372.348
866.686 373.121
863.920 371.925
843.108 362.660
832.084 358.084
826.937 355.855
824.775 355.093
821.610 353.750
821.696 353.767
821.473 353.677
821.402 353.654
818.009 352.157
818.148 352.266
819.386 352.692
817.780 352.024
819.577 352.787
812.076 349.563
819.819 352.905
808.688 348.181
808.638 348.147
804.147 346.299
804.122 346.297
805.139 346.754
804.231 346.342
803.822 346.152
803.214 345.885
802.148 345.423
802.081 345.386
801.892 345.312
801.940 345.327
801.798 345.269
801.683 345.210
794.166 341.929
793.821 341.783
790.995 340.527
793.937 341.765
789.976 340.071
789.724 339.961
788.385 339.377
788.304 339.344
789.363 339.802
786.128 338.402
778.763 335.298
779.067 335.453
778.264 335.102
778.457 335.187
777.586 334.782
777.684 334.833
777.810 334.907
777.456 334.729
766.856 330.267
771.112 332.220
766.414 330.057
769.706 331.554
765.966 329.890
763.520 328.933
764.696 329.323
762.794 328.555
762.679 328.517
762.560 328.462
768.166 331.083
764.273 329.175
763.055 328.679
762.477 328.412
759.208 327.000
759.502 327.141
751.414 323.733
746.535 321.691
746.652 321.740
744.403 320.793
742.960 320.153
742.974 320.166
742.872 320.105
742.735 320.061
743.020 320.178
742.161 319.763
741.370 319.452
739.954 318.839
739.913 318.815
740.173 318.940
751.044 323.509
740.962 319.323
739.319 318.565
736.946 317.537
735.344 316.904
735.520 316.972
734.719 316.673
732.250 315.639
729.707 314.375
728.531 313.894
728.340 313.839
728.033 313.719
727.233 313.339
726.311 312.939
726.046 312.865
725.955 312.817
726.040 312.865
726.877 313.259
722.754 311.466
722.472 311.346
723.750 311.920
722.483 311.345
721.806 311.142
719.453 310.088
719.305 310.005
719.355 310.044
719.277 309.985
719.735 310.206
718.977 309.865
719.045 309.900
717.061 309.081
719.463 310.033
721.759 310.971
716.358 308.728
715.020 308.200
714.531 307.995
714.167 307.834
714.471 307.961
713.397 307.513
713.220 307.461
711.638 306.773
711.585 306.737
710.313 306.187
710.444 306.251
709.974 306.056
709.709 305.946
709.523 305.846
710.276 306.137
718.544 309.701
694.842 299.561
695.103 299.664
687.981 296.871
683.110 294.798
683.996 295.153
684.612 295.471
683.182 294.811
683.130 294.825
682.707 294.629
683.360 294.946
682.810 294.669
682.648 294.620
682.760 294.637
684.934 295.703
682.507 294.546
682.444 294.512
683.803 295.123
682.196 294.390
682.153 294.363
686.045 295.976
679.159 293.020
678.163 292.551
672.839 290.061
670.904 289.238
670.105 288.898
660.076 284.136
662.279 285.057
656.776 282.749
646.204 278.310
644.128 277.399
644.008 277.353
643.656 277.204
643.328 277.072
643.248 277.034
640.487 275.921
640.694 276.013
650.427 280.178
640.461 275.898
640.409 275.874
640.252 275.807
641.747 276.468
637.195 274.524
631.430 271.973
626.944 270.033
625.026 269.072
623.043 268.203
623.074 268.206
624.529 268.821
617.898 265.928
617.202 265.638
616.781 265.443
616.832 265.479
616.783 265.424
616.260 265.211
618.153 266.076
616.338 265.257
614.344 264.355
609.913 262.419
606.776 260.932
606.561 260.835
604.331 259.896
595.707 256.284
595.922 256.362
595.854 256.358
595.544 256.187
595.530 256.176
611.249 262.784
594.707 255.856
596.843 256.849
595.761 256.347
596.245 256.517
594.486 255.758
602.559 259.281
586.108 252.072
583.938 251.202
583.754 251.122
583.780 251.137
583.584 251.036
583.630 251.051
583.701 251.069
583.726 251.104
581.631 250.087
582.059 250.248
578.313 248.641
578.765 248.853
579.072 248.951
577.627 248.330
578.073 248.536
578.326 248.691
577.640 248.362
577.000 248.073
577.073 248.089
573.519 246.527
573.558 246.560
574.330 246.886
577.571 248.197
572.589 246.140
570.061 245.000
568.320 244.196
567.110 243.654
566.811 243.528
564.771 242.585
564.723 242.568
565.939 243.145
564.746 242.563
564.680 242.559
564.643 242.534
565.471 242.889
564.562 242.487
566.514 243.405
566.820 243.584
564.513 242.502
563.194 241.886
562.542 241.619
561.338 241.125
561.301 241.108
561.337 241.118
561.645 241.254
561.219 241.077
563.133 241.901
561.247 241.071
561.320 241.131
559.765 240.425
559.364 240.225
559.272 240.164
559.398 240.231
560.231 240.609
557.436 239.356
557.218 239.233
556.703 239.044
565.091 242.685
548.993 235.929
549.072 235.980
549.079 235.984
548.808 235.837
548.758 235.814
546.203 234.683
546.237 234.691
543.435 233.509
545.714 234.443
543.509 233.545
542.932 233.306
542.974 233.302
542.010 232.784
542.730 233.083
539.287 231.594
539.256 231.580
539.294 231.593
538.859 231.417
538.738 231.366
538.518 231.272
536.536 230.431
536.250 230.302
537.002 230.684
533.366 229.102
533.026 228.930
530.031 227.661
530.015 227.624
529.998 227.648
527.901 226.585
527.842 226.559
526.561 226.016
526.422 225.943
525.517 225.517
526.101 225.782
526.662 226.086
527.857 226.621
517.849 221.930
524.506 224.788
518.337 222.130
517.075 221.575
518.941 222.337
515.921 221.120
516.338 221.266
515.825 221.097
514.748 220.539
519.086 222.435
514.335 220.406
513.701 220.118
514.626 220.697
512.364 219.599
507.196 217.368
505.533 216.737
505.266 216.550
505.110 216.479
505.120 216.474
508.336 217.747
504.235 216.074
504.256 216.081
504.177 216.055
506.310 217.007
504.132 216.039
514.006 220.270
501.705 215.037
501.340 214.884
502.870 215.557
501.732 215.037
500.987 214.696
498.824 213.722
498.791 213.704
498.812 213.711
498.794 213.693
498.767 213.700
498.703 213.681
501.671 215.082
498.923 213.777
497.415 213.122
497.307 213.067
498.146 213.451
498.056 213.423
498.104 213.356
500.322 214.280
497.138 212.968
497.170 212.981
496.958 212.870
497.621 213.166
496.460 212.646
496.554 212.703
496.428 212.640
497.343 212.886
496.306 212.574
491.288 210.341
491.121 210.254
499.033 213.659
490.999 210.191
492.707 210.948
491.855 210.627
490.472 209.976
490.363 209.932
491.473 210.408
488.142 209.008
495.377 212.136
488.284 209.079
487.541 208.655
487.635 208.737
486.485 208.184
486.507 208.198
486.559 208.243
486.410 208.168
484.987 207.549
484.715 207.470
484.903 207.535
484.364 207.317
484.072 207.190
483.666 207.009
483.399 206.902
483.893 207.129
484.511 207.461
483.308 206.890
483.295 206.869
484.431 207.317
479.779 205.410
479.770 205.401
479.775 205.405
483.472 206.937
479.841 205.431
478.263 204.735
476.588 204.020
479.005 205.122
475.653 203.595
474.442 203.037
474.338 203.005
475.208 203.389
474.306 202.987
474.524 203.057
474.305 202.984
474.269 202.977
473.892 202.816
473.855 202.806
473.840 202.809
474.916 203.319
475.658 203.652
469.721 201.007
468.401 200.332
468.517 200.392
466.268 199.430
468.331 200.393
465.336 198.962
465.449 198.999
465.408 198.985
465.581 199.076
466.060 199.289
460.283 196.533
458.665 195.828
458.624 195.801
453.451 193.556
453.215 193.440
454.552 194.011
453.390 193.537
453.248 193.476
453.052 193.370
452.949 193.328
452.621 193.180
456.310 194.730
452.672 193.202
452.586 193.170
452.583 193.165
452.619 193.185
455.118 194.226
452.481 193.129
452.467 193.107
450.142 192.050
447.455 190.761
447.461 190.783
447.993 191.074
447.326 190.701
445.292 189.696
445.311 189.701
445.368 189.715
444.868 189.506
451.307 192.174
444.875 189.503
444.856 189.511
444.825 189.503
447.375 190.609
445.425 189.680
444.906 189.563
447.308 190.732
444.885 189.560
445.859 189.976
444.868 189.543
442.487 188.325
441.737 187.996
441.734 187.997
441.779 188.017
444.485 189.202
441.960 188.093
441.572 187.915
441.197 187.763
442.133 188.151
441.108 187.730
441.075 187.713
441.007 187.693
439.223 186.914
439.337 186.954
442.233 188.377
438.426 186.532
438.350 186.499
439.263 186.961
438.301 186.474
438.103 186.383
438.154 186.409
447.937 190.707
438.031 186.353
437.459 186.111
435.377 185.185
433.447 184.246
431.275 183.308
431.010 183.162
430.499 182.946
430.421 182.907
430.487 182.936
430.368 182.894
431.156 183.253
429.502 182.504
429.959 182.757
430.784 183.049
429.324 182.453
427.988 181.887
427.937 181.860
428.275 181.994
428.981 182.390
431.113 183.359
427.861 181.818
427.599 181.691
427.493 181.657
428.935 182.363
426.321 181.021
426.781 181.251
425.768 180.795
425.845 180.850
425.757 180.794
425.759 180.797
425.115 180.531
425.905 180.862
424.990 180.480
424.739 180.377
424.479 180.250
426.147 180.920
424.139 180.090
424.611 180.387
424.415 180.243
424.012 180.043
423.746 179.924
423.601 179.880
424.193 180.190
423.663 179.923
423.614 179.877
423.806 179.940
420.987 178.643
420.699 178.539
422.420 179.507
420.748 178.551
420.560 178.487
420.521 178.476
420.280 178.324
420.276 178.324
419.239 177.893
419.252 177.899
421.231 178.924
419.229 177.898
418.717 177.684
418.766 177.699
418.624 177.623
418.914 177.779
418.568 177.615
418.561 177.605
418.581 177.621
417.856 177.277
416.199 176.490
416.200 176.489
416.352 176.584
416.136 176.454
414.744 175.835
415.179 176.058
414.749 175.839
413.443 175.281
413.449 175.275
413.444 175.293
412.700 174.909
412.710 174.922
412.820 174.961
412.583 174.860
416.093 176.703
412.729 174.937
412.576 174.850
412.176 174.675
412.176 174.674
412.278 174.711
412.075 174.619
410.763 173.988
409.837 173.517
409.776 173.488
412.467 174.748
409.723 173.459
409.720 173.460
409.309 173.279
409.300 173.285
409.347 173.284
408.964 173.139
409.541 173.457
408.866 173.098
408.951 173.135
409.033 173.194
408.802 173.050
409.888 173.428
422.323 179.672
408.433 172.884
408.196 172.774
408.041 172.752
408.095 172.779
408.119 172.795
408.022 172.747
408.682 173.087
408.580 172.924
407.413 172.504
407.018 172.329
408.399 173.038
406.598 172.153
406.595 172.145
407.341 172.675
406.304 171.970
406.108 171.857
404.931 171.300
404.919 171.306
404.576 171.171
404.608 171.194
404.576 171.174
407.151 172.325
402.370 170.260
400.647 169.449
401.524 169.773
400.316 169.314
400.288 169.308
399.856 169.063
399.859 169.063
399.838 169.061
399.737 169.027
398.910 168.681
398.860 168.677
399.196 168.793
398.937 168.711
398.488 168.516
398.515 168.533
398.472 168.517
398.473 168.501
398.546 168.530
397.158 167.781
397.244 167.846
398.715 168.714
397.104 167.791
397.129 167.809
397.081 167.769
396.679 167.609
397.385 167.951
396.615 167.573
396.625 167.573
396.557 167.566
396.579 167.574
396.542 167.565
396.272 167.411
396.291 167.409
396.718 167.596
396.261 167.403
396.659 167.514
395.143 166.878
395.152 166.883
393.934 166.251
393.895 166.244
393.435 166.040
393.163 165.902
393.150 165.888
392.307 165.563
392.323 165.570
391.308 165.021
389.764 164.229
389.175 163.945
389.570 164.130
389.192 163.935
389.112 163.929
389.149 163.948
389.113 163.936
389.603 164.127
388.651 163.544
388.528 163.531
388.491 163.509
388.511 163.511
388.505 163.525
388.511 163.528
388.312 163.431
388.309 163.434
388.269 163.432
388.518 163.553
388.249 163.442
388.948 163.644
388.381 163.541
388.273 163.439
388.291 163.474
387.952 163.336
388.724 163.678
387.902 163.289
387.580 163.126
384.510 161.906
384.338 161.863
384.308 161.808
384.192 161.753
384.194 161.775
384.192 161.760
384.229 161.762
384.020 161.686
383.975 161.680
384.008 161.703
383.720 161.595
383.733 161.626
384.494 161.920
383.720 161.590
383.805 161.605
383.642 161.559
383.998 161.742
383.686 161.581
384.170 161.780
383.614 161.549
383.614 161.544
383.615 161.555
384.025 161.755
383.650 161.566
383.611 161.567
383.700 161.593
383.843 161.665
383.595 161.532
383.897 161.716
383.434 161.513
383.182 161.376
382.726 161.132
382.727 161.141
381.782 160.791
381.852 160.780
381.817 160.812
381.804 160.802
381.397 160.614
381.219 160.476
384.760 161.905
381.212 160.477
381.241 160.500
381.168 160.449
380.634 160.196
380.630 160.205
380.587 160.196
380.604 160.224
381.598 160.767
380.562 160.187
380.518 160.160
380.524 160.163
380.636 160.199
380.498 160.139
380.642 160.143
380.008 159.900
379.964 159.890
379.926 159.877
379.936 159.882
379.539 159.613
380.421 160.011
380.164 159.964
379.421 159.563
379.329 159.527
379.310 159.518
379.308 159.526
379.744 159.779
379.300 159.525
379.303 159.525
378.623 159.109
378.624 159.102
379.073 159.315
378.532 159.089
378.496 159.079
378.423 159.039
378.663 159.178
378.439 159.045
378.417 159.023
378.606 159.147
378.395 159.026
378.236 158.915
378.269 158.981
378.180 158.957
378.167 158.956
378.157 158.954
378.127 158.926
378.100 158.937
378.034 158.887
378.062 158.896
378.189 158.970
378.038 158.878
377.649 158.608
377.672 158.613
377.670 158.595
377.855 158.695
377.623 158.612
377.833 158.674
377.654 158.604
377.763 158.669
377.589 158.560
377.534 158.553
377.082 158.372
377.100 158.385
377.094 158.396
376.997 158.350
376.900 158.310
377.761 158.795
376.887 158.316
379.111 159.603
376.776 158.233
377.171 158.433
376.831 158.257
376.806 158.260
376.747 158.218
376.890 158.283
376.742 158.208
376.788 158.236
376.719 158.209
376.718 158.211
376.706 158.206
376.727 158.219
376.699 158.204
376.569 158.112
376.532 158.102
376.556 158.124
376.371 157.966
376.368 157.957
376.362 157.961
376.639 158.120
376.352 157.949
376.532 158.049
376.215 157.899
376.345 157.948
376.223 157.897
376.195 157.906
376.008 157.915
375.993 157.904
376.315 158.012
375.917 157.869
375.862 157.843
375.855 157.833
375.888 157.860
375.683 157.858
375.731 157.882
375.682 157.862
375.672 157.855
375.642 157.842
375.650 157.841
375.606 157.820
375.581 157.803
376.228 158.326
375.558 157.801
375.596 157.801
375.518 157.775
375.515 157.774
375.558 157.808
375.293 157.595
375.307 157.598
375.277 157.587
375.258 157.563
375.189 157.510
375.187 157.506
375.184 157.508
375.174 157.507
373.920 157.067
373.925 157.074
373.911 157.051
373.913 157.064
373.890 157.044
373.848 157.018
373.821 157.014
373.842 157.028
373.777 157.002
373.780 157.005
373.882 157.042
373.830 156.995
373.886 157.073
373.773 157.002
373.635 156.931
373.593 156.897
373.740 157.103
373.634 156.924
373.829 157.048
373.569 156.897
373.541 156.888
373.550 156.895
373.596 156.886
373.473 156.841
373.413 156.807
373.416 156.817
373.413 156.810
373.396 156.792
373.377 156.787
372.529 156.227
372.526 156.222
372.519 156.217
372.499 156.212
372.457 156.175
372.494 156.198
372.434 156.162
372.453 156.162
372.439 156.127
372.445 156.170
372.369 156.131
372.360 156.109
372.359 156.111
372.364 156.108
372.340 156.105
372.317 156.077
372.297 156.082
372.298 156.069
372.336 156.099
372.284 156.076
372.285 156.079
372.282 156.073
372.334 156.103
372.230 156.063
372.253 156.071
372.158 156.023
372.145 156.013
372.185 156.014
372.142 156.010
372.143 156.010
372.129 156.003
372.132 155.996
372.127 155.995
372.125 155.991
372.140 156.029
372.101 155.981
372.102 155.962
372.094 155.944
372.015 155.931
371.959 155.869
372.069 155.920
371.949 155.874
371.976 155.904
371.917 155.865
371.837 155.849
371.872 155.883
371.934 155.876
371.841 155.840
371.844 155.842
371.770 155.767
