759.296 322.996
760.172 323.360
766.128 325.833
766.368 325.949
766.138 325.838
766.472 325.976
766.171 325.870
757.449 322.358
757.501 322.379
757.724 322.460
758.457 322.726
756.122 321.744
755.779 321.613
754.313 320.957
761.530 324.000
761.583 324.013
764.496 325.158
761.064 323.671
760.371 323.357
758.774 322.695
759.201 322.867
759.207 322.872
759.292 322.902
758.988 322.763
758.926 322.720
756.522 321.659
756.284 321.542
756.278 321.544
756.384 321.576
756.558 321.648
689.532 293.282
689.549 293.294
689.527 293.282
689.732 293.339
697.888 296.777
698.560 297.105
706.284 300.401
702.037 298.715
703.136 299.207
703.033 299.170
703.765 299.457
704.210 299.630
703.948 299.457
703.840 299.423
703.987 299.482
706.017 300.359
696.514 296.613
696.587 296.639
694.515 295.794
693.910 295.532
693.904 295.530
694.147 295.638
695.513 296.227
696.240 296.544
702.757 299.142
703.604 299.534
703.724 299.584
703.000 299.289
703.411 299.455
702.806 299.198
702.807 299.199
702.853 299.219
701.883 298.812
702.101 298.910
701.336 298.597
699.251 297.713
699.343 297.724
699.098 297.609
701.321 298.511
701.639 298.652
701.724 298.691
701.896 298.760
701.787 298.715
701.816 298.718
699.709 297.790
697.925 297.073
698.631 297.369
705.061 300.079
704.926 300.028
706.503 300.673
708.730 301.626
708.861 301.682
708.925 301.707
708.453 301.510
708.378 301.479
706.198 300.569
711.551 302.853
711.607 302.879
708.044 301.408
708.186 301.498
708.650 301.711
708.646 301.709
709.136 301.938
711.969 303.115
710.855 302.591
701.654 298.835
701.693 298.865
700.462 298.321
709.250 302.074
706.325 300.859
704.699 300.188
704.983 300.297
705.002 300.291
655.999 279.609
655.429 279.386
655.384 279.363
655.058 279.243
651.541 277.755
654.238 278.906
652.862 278.325
651.296 277.636
651.079 277.577
650.475 277.346
641.727 273.674
644.036 274.652
635.771 271.144
635.796 271.155
636.632 271.494
636.280 271.359
636.579 271.493
636.554 271.478
636.690 271.510
637.208 271.727
636.266 271.387
635.982 271.249
640.123 272.919
627.970 267.809
632.509 269.596
626.983 267.292
595.258 254.009
595.023 253.912
595.305 254.027
595.265 254.008
595.372 254.053
596.525 254.553
596.792 254.684
600.136 256.087
612.129 260.975
630.664 268.784
630.714 268.805
631.863 269.314
631.653 269.273
631.635 269.300
654.956 278.800
639.242 272.263
639.049 272.206
639.028 272.190
638.531 271.991
638.406 271.934
640.380 272.814
640.470 272.859
640.723 272.960
640.831 272.995
640.825 272.997
644.312 274.498
642.661 273.858
642.820 273.926
642.849 273.946
640.381 272.927
643.641 274.249
644.481 274.634
643.388 274.139
642.514 273.767
642.671 273.839
640.923 273.120
635.596 270.867
635.661 270.919
634.514 270.435
635.232 270.687
634.584 270.427
634.486 270.385
621.852 265.287
637.262 271.678
622.021 265.350
620.269 264.659
625.505 266.834
620.078 264.600
620.401 264.760
620.049 264.586
620.182 264.661
623.600 266.099
619.921 264.534
619.910 264.535
623.990 266.220
621.761 265.279
618.803 264.065
620.585 264.806
617.406 263.550
618.348 263.882
617.156 263.409
617.158 263.365
615.275 262.626
615.221 262.634
613.447 261.906
613.395 261.890
613.533 261.952
613.403 261.907
613.374 261.888
604.826 258.312
604.794 258.300
604.309 258.090
604.327 258.104
604.239 258.062
597.577 255.325
597.535 255.304
595.966 254.671
590.281 252.274
590.328 252.287
590.047 252.186
590.276 252.300
593.705 253.664
589.901 252.130
593.308 253.481
590.043 252.177
589.861 252.127
589.510 251.978
590.347 252.268
595.889 254.566
590.605 252.394
586.106 250.556
585.576 250.423
584.247 249.847
583.195 249.454
583.114 249.430
574.363 245.747
572.724 245.063
572.886 245.123
572.741 245.075
570.198 244.054
574.761 245.851
569.917 243.927
570.151 243.951
569.830 243.932
552.305 236.536
551.947 236.392
553.534 237.081
552.668 236.709
543.226 232.725
545.350 233.602
543.091 232.682
541.411 231.995
541.351 231.937
541.117 231.834
540.342 231.507
540.394 231.523
540.359 231.517
540.275 231.485
539.122 231.010
539.015 230.960
535.449 229.570
535.508 229.586
535.238 229.510
535.843 229.764
535.172 229.485
537.748 230.491
535.070 229.462
535.161 229.496
534.925 229.374
536.510 230.015
538.810 230.971
537.586 230.482
534.810 229.353
531.813 228.225
530.836 227.704
530.784 227.673
530.624 227.603
531.112 227.813
532.011 228.162
530.368 227.489
530.304 227.458
530.266 227.444
529.832 227.278
530.896 227.718
529.849 227.284
529.876 227.295
529.883 227.339
529.910 227.286
529.688 227.227
529.685 227.231
528.988 226.958
523.280 224.724
522.765 224.474
517.605 222.348
517.484 222.292
517.534 222.313
517.453 222.279
517.477 222.284
503.528 216.760
503.227 216.644
501.416 215.882
501.724 216.027
501.460 215.914
501.372 215.867
503.318 216.642
498.564 214.681
498.493 214.663
497.868 214.460
497.043 214.077
484.983 209.370
470.103 203.381
470.079 203.393
470.017 203.354
469.903 203.306
470.490 203.542
470.079 203.370
470.599 203.614
469.883 203.298
469.356 203.080
469.326 203.062
468.293 202.654
468.324 202.667
468.192 202.614
473.329 204.783
470.863 203.634
468.215 202.611
466.078 201.797
466.162 201.842
466.119 201.805
466.114 201.807
466.559 201.944
465.187 201.417
467.583 202.340
464.679 201.149
464.169 200.961
468.939 202.955
464.549 201.111
464.368 201.054
465.960 201.718
464.337 201.050
471.640 203.928
464.148 200.974
463.933 200.901
464.057 200.954
463.941 200.898
463.595 200.745
460.059 199.245
460.111 199.269
459.749 199.133
460.513 199.403
460.193 199.284
465.141 201.143
458.989 198.817
458.517 198.625
452.293 196.051
451.944 195.878
452.451 196.088
451.790 195.828
451.984 195.903
451.145 195.651
451.424 195.710
448.842 194.783
449.501 195.084
447.190 194.126
446.658 193.905
446.627 193.894
446.787 193.966
446.851 193.995
449.680 195.080
446.598 193.879
446.700 193.958
445.699 193.544
445.638 193.500
450.062 195.298
444.496 193.036
444.591 193.058
444.303 192.967
439.680 191.180
439.337 191.067
439.081 190.989
438.693 190.816
438.841 190.895
446.363 193.991
438.692 190.820
438.336 190.672
439.395 191.034
436.927 190.094
437.439 190.333
441.017 191.731
439.245 190.975
436.677 189.983
436.357 189.817
442.878 192.322
436.368 189.824
443.624 192.847
436.646 189.920
437.070 190.016
435.378 189.440
435.548 189.532
434.264 189.007
434.293 189.009
434.683 189.153
434.357 189.046
433.616 188.752
433.452 188.687
432.338 188.227
432.345 188.222
432.351 188.234
432.274 188.196
427.424 186.255
427.260 186.185
427.191 186.141
427.422 186.237
427.241 186.168
429.287 186.984
426.975 186.068
425.584 185.467
426.473 185.801
421.543 183.806
421.544 183.799
421.514 183.792
422.550 184.188
422.556 184.217
423.789 184.641
422.828 184.363
421.055 183.651
421.088 183.676
416.929 182.089
413.233 180.764
413.250 180.773
414.972 181.430
413.220 180.758
413.385 180.844
413.071 180.715
412.298 180.415
412.559 180.489
412.278 180.394
411.782 180.213
411.796 180.225
411.838 180.235
411.846 180.238
411.857 180.245
411.790 180.227
411.853 180.240
411.673 180.171
411.741 180.192
411.601 180.145
414.612 181.269
411.048 179.923
411.030 179.919
410.356 179.686
410.102 179.594
410.084 179.575
409.936 179.503
409.928 179.489
410.707 179.750
409.794 179.408
409.588 179.345
409.727 179.412
409.574 179.344
408.888 179.057
408.894 179.050
408.818 179.047
408.395 178.897
408.435 178.919
408.281 178.851
408.512 178.932
409.449 179.323
408.248 178.835
408.775 179.035
408.012 178.760
407.957 178.762
407.901 178.723
407.894 178.711
408.020 178.770
407.850 178.710
414.253 181.371
407.413 178.522
407.400 178.501
407.237 178.407
407.393 178.464
407.224 178.377
407.198 178.363
407.272 178.403
407.418 178.455
407.198 178.368
407.065 178.319
407.069 178.322
407.144 178.356
407.105 178.300
407.208 178.321
406.932 178.270
406.754 178.207
404.777 177.398
404.727 177.388
404.612 177.318
402.324 176.503
402.275 176.477
402.045 176.336
400.782 175.853
400.674 175.814
401.525 176.107
400.553 175.756
400.786 175.858
398.388 174.933
397.963 174.793
398.072 174.825
397.855 174.719
397.456 174.598
397.328 174.584
397.292 174.546
397.320 174.570
397.238 174.532
397.356 174.587
397.406 174.597
397.200 174.519
398.620 175.167
395.979 174.009
395.992 174.013
395.961 173.983
395.942 173.967
394.806 173.520
394.469 173.369
394.374 173.317
394.126 173.216
394.391 173.307
394.164 173.236
394.022 173.164
394.832 173.486
393.988 173.162
394.043 173.198
393.880 173.120
393.007 172.900
393.048 172.914
392.767 172.806
393.489 173.067
392.512 172.702
392.173 172.612
392.147 172.592
392.144 172.593
392.475 172.745
392.021 172.556
391.991 172.545
390.524 171.972
390.595 171.940
390.344 171.838
389.887 171.671
389.854 171.666
389.834 171.651
391.067 172.084
389.748 171.603
390.389 171.876
389.669 171.583
388.021 170.877
387.926 170.852
387.815 170.797
387.807 170.789
387.754 170.764
388.633 171.104
388.002 170.878
386.346 170.302
386.073 170.193
385.961 170.153
386.751 170.488
385.357 169.933
385.398 169.962
385.262 169.894
385.223 169.865
385.265 169.908
385.236 169.883
385.157 169.862
384.077 169.463
384.816 169.766
384.144 169.483
385.358 170.016
384.367 169.556
384.141 169.476
385.311 169.938
383.655 169.332
382.068 168.809
381.040 168.412
380.782 168.285
381.027 168.364
380.822 168.287
380.748 168.261
380.095 168.016
380.059 168.004
380.988 168.307
380.027 167.972
380.453 168.121
380.020 167.972
380.692 168.197
379.815 167.884
379.864 167.900
379.829 167.897
379.144 167.667
379.253 167.691
378.440 167.469
378.442 167.497
378.344 167.470
378.316 167.451
378.145 167.374
378.105 167.350
378.170 167.372
378.079 167.340
377.999 167.313
378.538 167.542
376.663 166.784
376.675 166.781
376.615 166.764
376.373 166.645
376.466 166.675
376.218 166.574
375.747 166.410
377.314 167.077
375.733 166.410
375.682 166.383
375.751 166.389
375.640 166.363
374.702 166.101
374.141 165.870
374.354 166.014
374.046 165.889
374.098 165.906
374.004 165.878
374.213 165.988
373.969 165.853
373.948 165.990
374.752 166.317
373.883 165.960
373.931 165.974
373.872 165.960
373.790 165.947
373.894 165.956
375.029 166.365
373.582 165.854
373.658 165.865
373.454 165.804
373.572 165.852
377.922 167.629
373.466 165.807
373.346 165.828
371.724 165.244
371.713 165.246
371.694 165.232
371.989 165.304
371.807 165.289
371.664 165.244
371.804 165.311
371.571 165.225
371.566 165.223
371.554 165.212
371.495 165.197
371.592 165.216
371.410 165.162
371.476 165.150
371.215 165.085
371.214 165.093
371.219 165.090
369.502 164.392
370.399 164.666
369.440 164.364
369.394 164.352
369.339 164.336
369.322 164.332
369.299 164.328
369.202 164.350
369.216 164.343
369.168 164.346
369.147 164.312
368.542 164.084
368.725 164.104
368.561 164.027
368.587 164.088
368.682 164.133
368.412 164.029
367.082 163.534
366.999 163.461
367.115 163.466
366.985 163.452
367.307 163.512
366.977 163.453
366.863 163.416
366.806 163.395
367.348 163.488
365.775 162.918
365.747 162.896
365.678 162.873
365.594 162.835
365.558 162.805
365.979 162.871
365.565 162.821
365.366 162.760
365.263 162.727
365.283 162.728
365.114 162.671
364.974 162.628
365.049 162.587
365.097 162.663
364.944 162.619
365.050 162.636
364.101 162.378
364.086 162.369
364.052 162.345
363.961 162.291
364.137 162.361
364.058 162.149
363.738 162.221
363.448 162.188
363.408 162.162
363.368 162.127
363.405 162.137
364.145 162.275
362.773 161.917
362.780 161.935
362.718 161.898
362.765 161.912
362.578 161.878
362.583 161.861
362.580 161.910
362.761 161.908
362.481 161.860
362.512 161.863
362.500 161.862
362.471 161.862
362.258 161.789
362.048 161.735
362.040 161.741
361.639 161.858
361.637 161.847
361.636 161.845
361.574 161.850
361.570 161.857
361.493 161.820
361.504 161.820
361.489 161.838
361.423 161.789
361.343 161.781
361.458 161.865
361.337 161.780
361.306 161.756
361.289 161.751
361.300 161.760
361.348 161.773
361.269 161.753
361.239 161.743
361.284 161.756
361.355 161.891
361.147 161.695
361.176 161.697
361.122 161.712
361.104 161.702
361.100 161.797
361.018 161.775
361.026 161.776
361.055 161.755
360.841 161.697
360.845 161.702
360.850 161.689
360.866 161.718
360.827 161.680
360.812 161.700
360.618 161.583
360.590 161.575
360.596 161.585
360.609 161.579
360.684 161.654
360.587 161.579
360.591 161.593
360.518 161.555
360.485 161.544
360.451 161.524
360.629 161.587
360.440 161.523
360.511 161.580
360.261 161.502
360.260 161.502
360.269 161.494
360.269 161.503
360.214 161.486
360.222 161.494
360.491 161.578
360.197 161.460
360.194 161.444
360.248 161.473
360.181 161.441
360.216 161.456
360.127 161.438
360.074 161.435
360.087 161.442
360.389 161.688
360.077 161.433
360.065 161.436
360.051 161.422
360.120 161.440
360.026 161.420
360.003 161.424
360.013 161.417
359.994 161.428
360.335 161.843
359.971 161.439
359.968 161.444
359.942 161.434
359.902 161.335
359.855 161.279
359.804 161.259
360.014 161.066
359.934 161.316
359.946 161.291
359.802 161.263
359.771 161.274
359.746 161.269
359.725 161.268
359.727 161.260
359.673 161.229
359.552 161.178
359.864 161.150
359.597 161.235
359.455 161.096
359.417 161.165
359.449 161.157
359.581 161.254
359.371 161.132
359.353 161.113
359.353 161.122
359.378 161.212
359.342 161.117
359.331 161.126
359.265 161.105
359.315 161.120
359.206 161.063
359.199 161.043
359.364 161.134
359.299 161.050
359.174 161.066
358.945 160.950
358.938 160.946
359.167 160.831
358.867 160.917
358.983 160.942
358.908 160.906
358.835 160.899
358.829 160.898
358.831 160.906
358.821 160.892
358.837 160.891
358.755 160.799
358.770 160.803
358.777 160.807
358.755 160.807
358.708 160.791
358.757 160.893
358.717 160.784
358.758 160.665
358.790 160.785
358.758 160.793
358.648 160.753
358.818 160.822
358.681 160.754
358.952 160.855
358.639 160.696
358.714 160.786
358.620 160.684
358.602 160.719
358.501 160.661
358.583 160.654
358.498 160.691
358.473 160.649
358.457 160.646
358.486 160.652
358.481 160.671
359.378 161.095
358.355 160.625
358.338 160.629
358.315 160.638
358.291 160.647
358.289 160.651
358.279 160.650
358.251 160.645
358.285 160.626
358.283 160.713
358.275 160.698
358.435 160.586
358.113 160.599
358.094 160.596
358.180 160.623
358.114 160.634
358.180 160.626
358.087 160.605
358.066 160.588
358.079 160.557
358.052 160.614
358.039 160.515
357.980 160.629
358.035 160.620
357.980 160.630
357.974 160.624
357.997 160.640
357.970 160.632
357.902 160.615
357.981 160.632
357.931 160.596
357.894 160.591
358.229 161.039
357.920 160.558
357.914 160.593
357.772 160.527
357.790 160.521
357.776 160.478
357.716 160.466
357.722 160.468
357.726 160.487
357.700 160.481
357.714 160.470
357.698 160.516
357.704 160.553
357.470 160.446
357.480 160.464
357.357 160.397
357.352 160.391
357.659 160.573
357.410 160.425
357.332 160.385
357.335 160.408
357.332 160.419
357.240 160.363
357.203 160.387
357.181 160.457
357.208 160.472
357.219 160.489
357.156 160.458
357.304 160.557
357.142 160.454
357.138 160.449
357.215 160.626
357.127 160.464
357.161 160.469
357.151 160.390
356.963 160.375
356.937 160.361
357.104 160.402
356.997 160.258
356.929 160.362
356.923 160.364
356.913 160.360
356.942 160.347
356.888 160.362
356.794 160.301
356.946 160.377
356.828 160.329
356.782 160.279
356.830 160.303
356.760 160.253
356.785 160.228
356.684 160.220
356.692 160.210
356.590 160.179
356.669 160.110
356.590 160.124
356.579 160.176
356.731 160.188
356.670 160.189
356.523 160.142
356.557 160.097
356.553 160.165
356.603 160.007
356.772 160.259
356.501 160.122
356.485 160.095
356.484 160.093
356.450 160.110
356.801 160.297
356.458 160.116
356.417 160.133
356.462 160.173
356.375 160.111
356.361 160.067
356.609 160.227
356.276 160.035
356.276 160.034
356.255 160.023
356.358 160.048
356.213 160.003
356.264 159.917
356.221 160.026
356.136 159.975
356.110 160.010
356.129 160.007
356.056 159.969
356.079 159.987
356.047 159.967
356.023 159.957
355.944 159.932
355.931 159.963
356.558 160.148
355.885 159.876
356.817 160.316
355.841 159.897
355.825 159.776
355.778 159.798
355.782 159.796
355.771 159.793
355.749 159.775
355.755 159.776
357.946 160.842
355.699 159.726
355.739 159.768
355.654 159.716
355.710 159.745
355.726 159.809
355.624 159.696
