732.054 313.446
731.960 313.409
736.100 315.114
735.650 314.952
735.658 314.955
735.684 314.958
735.643 314.939
735.550 314.887
735.805 314.996
735.751 314.977
735.502 314.871
737.014 315.471
737.022 315.474
737.008 315.453
737.089 315.525
737.018 315.497
735.801 315.016
735.336 314.832
734.725 314.596
734.338 314.464
734.089 314.347
737.501 315.809
739.437 316.602
739.356 316.586
739.863 316.804
741.364 317.449
741.388 317.462
741.503 317.506
741.898 317.678
741.427 317.465
740.374 316.985
740.474 317.039
740.505 317.070
741.711 317.568
742.110 317.735
740.543 317.070
740.845 317.216
745.406 319.121
745.250 319.053
745.249 319.056
746.641 319.655
746.669 319.673
746.895 319.776
746.871 319.783
746.794 319.720
746.876 319.773
748.032 320.272
747.127 319.897
749.696 320.988
749.496 320.907
749.426 320.872
749.769 321.004
749.745 320.984
749.659 320.958
751.978 321.896
751.977 321.906
751.231 321.587
751.279 321.621
751.585 321.758
751.653 321.798
752.596 322.202
752.763 322.279
755.337 323.539
751.139 321.688
751.418 321.802
751.454 321.822
751.645 321.945
755.231 323.438
755.224 323.417
753.413 322.612
753.220 322.524
754.513 323.128
754.130 322.917
757.081 324.096
760.191 325.370
760.134 325.339
759.962 325.268
759.085 324.881
758.992 324.863
762.855 326.503
764.029 326.992
763.805 326.897
762.676 326.422
762.752 326.454
747.412 320.128
744.777 318.995
740.015 317.029
735.151 315.050
735.148 315.045
734.274 314.681
734.839 314.955
740.917 317.587
726.991 311.663
727.133 311.719
730.040 312.898
724.682 310.577
729.561 312.648
729.470 312.612
729.449 312.604
729.515 312.617
737.044 315.802
737.004 315.785
746.388 319.545
743.408 318.280
743.374 318.264
743.226 318.201
743.807 318.441
748.032 320.170
749.468 320.895
771.095 330.348
770.964 330.301
770.256 329.961
770.298 329.985
770.520 330.081
770.525 330.072
770.326 329.976
769.254 329.522
769.300 329.521
767.189 328.615
770.443 330.033
770.423 330.021
770.510 330.048
770.603 330.087
768.845 329.323
763.126 326.955
762.537 326.694
762.515 326.680
760.268 325.702
757.385 324.432
757.380 324.427
756.640 324.119
756.642 324.113
756.622 324.112
756.641 324.129
756.650 324.135
756.414 324.028
756.407 324.029
755.969 323.864
755.974 323.870
755.685 323.741
755.854 323.834
756.803 324.262
755.894 323.873
755.837 323.858
755.547 323.704
755.625 323.753
755.084 323.513
755.135 323.534
755.187 323.572
751.517 321.983
751.234 321.853
749.468 321.160
749.720 321.272
753.827 322.991
753.827 322.981
754.206 323.156
754.010 323.086
748.408 320.684
748.370 320.669
748.734 320.830
748.990 320.941
746.985 320.084
747.037 320.107
754.970 323.365
755.680 323.707
754.070 323.007
750.461 321.446
751.169 321.732
750.043 321.235
750.296 321.325
750.007 321.214
750.007 321.221
749.367 320.942
749.003 320.833
748.729 320.719
748.728 320.717
748.737 320.727
749.065 320.868
748.816 320.756
749.849 321.180
734.007 314.347
733.777 314.250
735.924 315.142
735.899 315.128
734.211 314.423
734.077 314.359
734.223 314.436
736.625 315.445
736.813 315.514
734.066 314.341
721.792 309.062
727.692 311.551
727.465 311.453
727.837 311.604
727.456 311.465
727.553 311.499
727.596 311.503
721.655 309.048
721.713 309.074
721.719 309.078
720.917 308.697
721.801 309.084
718.956 307.865
718.955 307.860
727.422 311.305
730.894 312.792
733.749 314.016
741.806 317.151
741.813 317.155
741.911 317.184
741.145 316.813
741.119 316.795
737.145 315.144
749.086 320.242
744.008 318.083
744.032 318.092
744.103 318.132
744.108 318.158
746.129 319.018
820.246 349.700
820.410 349.791
820.197 349.713
821.576 350.234
823.892 351.213
824.624 351.508
819.279 349.212
819.351 349.238
819.421 349.275
819.525 349.301
819.589 349.323
819.439 349.256
820.297 349.604
820.281 349.597
820.251 349.570
820.145 349.519
820.843 349.774
822.851 350.630
826.316 352.046
827.559 352.555
827.489 352.527
846.180 360.304
844.285 359.472
844.309 359.490
844.458 359.594
844.589 359.678
849.400 361.626
849.364 361.611
849.008 361.481
846.839 360.561
847.018 360.637
847.108 360.654
847.084 360.629
846.859 360.541
845.001 359.772
844.998 359.778
844.727 359.652
844.707 359.641
843.961 359.302
843.881 359.271
843.029 358.921
843.546 359.157
840.687 357.970
837.618 356.735
836.326 356.178
837.438 356.652
861.746 366.668
862.116 366.816
862.031 366.779
862.059 366.783
912.787 388.720
912.720 388.694
912.831 388.754
911.854 388.400
911.823 388.393
911.880 388.405
917.073 390.595
916.276 390.253
916.245 390.240
916.252 390.236
916.167 390.200
914.474 389.496
914.581 389.546
914.551 389.529
916.697 390.432
917.339 390.706
917.257 390.669
919.082 391.457
934.713 398.147
931.842 396.982
932.123 397.105
932.951 397.451
933.194 397.602
932.972 397.518
934.332 398.115
934.743 398.282
934.826 398.321
934.800 398.311
934.849 398.320
934.807 398.321
936.620 399.068
928.334 395.615
928.813 395.793
928.154 395.513
927.707 395.336
926.798 394.940
927.030 395.070
926.560 394.882
926.640 394.927
930.070 396.388
932.637 397.445
935.294 398.533
935.365 398.571
935.341 398.551
937.998 399.656
937.572 399.437
937.805 399.523
937.862 399.533
937.512 399.414
942.453 401.484
943.040 401.735
931.253 396.832
929.887 396.265
928.425 395.692
928.604 395.767
923.657 393.636
926.045 394.630
926.200 394.682
921.234 392.574
921.358 392.641
919.456 391.840
921.092 392.524
921.097 392.523
921.227 392.574
921.239 392.591
921.556 392.748
921.809 392.874
919.628 392.006
919.841 392.111
918.505 391.545
917.708 391.196
917.732 391.213
913.006 389.294
915.410 390.263
915.697 390.360
916.605 390.741
916.708 390.787
914.759 389.991
915.184 390.157
913.960 389.628
919.612 391.937
912.096 388.768
912.039 388.738
911.250 388.407
913.026 389.139
912.624 388.985
912.426 388.906
914.715 389.788
911.364 388.420
908.852 387.352
902.082 384.432
900.867 383.919
889.028 378.804
893.744 380.828
893.777 380.849
893.964 380.932
894.101 381.001
894.332 381.097
895.903 381.762
894.075 380.973
891.129 379.771
891.097 379.756
892.010 380.155
891.818 380.088
891.824 380.089
892.778 380.476
893.054 380.579
891.812 380.078
886.046 377.690
885.659 377.545
885.626 377.529
885.156 377.323
898.856 383.272
898.891 383.288
898.381 383.053
898.385 383.052
898.331 383.031
898.504 383.134
900.485 383.965
902.051 384.615
901.985 384.587
904.649 385.725
902.441 384.807
902.810 384.977
902.788 384.973
902.489 384.869
902.018 384.691
902.396 384.828
901.830 384.582
900.886 384.186
900.810 384.167
899.762 383.712
900.143 383.851
899.798 383.654
899.732 383.623
898.882 383.321
898.312 383.078
898.383 383.107
896.022 382.092
896.133 382.146
896.057 382.094
896.230 382.163
896.819 382.426
897.127 382.551
891.437 380.136
891.220 380.043
891.501 380.159
892.091 380.423
891.924 380.352
891.483 380.150
891.381 380.109
891.332 380.091
893.131 380.861
892.379 380.552
893.347 380.980
893.931 381.222
894.538 381.481
902.194 384.781
902.450 384.862
903.324 385.285
898.010 383.021
897.773 382.924
897.961 383.014
899.026 383.460
900.610 384.134
894.716 381.682
894.577 381.602
894.818 381.704
894.951 381.776
893.164 380.980
891.471 380.301
891.849 380.471
891.631 380.349
891.656 380.349
891.682 380.362
891.364 380.247
878.509 374.788
872.841 372.345
865.693 369.275
865.841 369.358
865.960 369.397
872.192 372.154
871.799 371.986
872.237 372.150
873.216 372.527
883.881 377.194
883.887 377.198
883.697 377.110
885.530 377.867
883.258 376.901
883.005 376.793
881.839 376.304
881.510 376.154
881.768 376.279
881.889 376.331
889.819 379.719
889.748 379.688
890.561 379.983
890.503 379.937
890.809 380.079
880.119 375.702
878.414 374.976
880.190 375.725
888.364 379.257
888.182 379.158
886.642 378.522
884.005 377.407
885.119 377.846
885.155 377.851
885.176 377.887
885.801 378.119
885.689 378.065
885.728 378.085
885.314 377.924
885.350 377.943
884.925 377.766
884.932 377.770
886.544 378.438
887.759 378.976
885.226 377.901
883.493 377.138
881.480 376.229
881.492 376.232
882.813 376.773
881.960 376.459
882.318 376.624
882.369 376.656
882.409 376.686
882.481 376.735
882.636 376.810
882.460 376.721
884.064 377.481
883.987 377.460
883.970 377.433
883.755 377.346
883.741 377.327
886.317 378.414
883.867 377.359
884.020 377.411
881.801 376.451
881.894 376.512
884.476 377.648
892.514 380.976
890.556 380.195
872.224 372.315
872.092 372.280
872.373 372.428
872.174 372.339
873.650 372.996
873.462 372.879
873.544 372.886
877.162 374.445
876.932 374.334
876.900 374.317
873.964 373.085
874.248 373.184
874.376 373.233
874.456 373.265
869.433 371.094
869.410 371.086
869.632 371.193
861.274 367.557
861.751 367.772
861.708 367.762
868.064 370.444
870.524 371.448
864.890 369.086
865.481 369.383
861.174 367.487
861.378 367.524
861.352 367.507
858.312 366.203
864.504 368.919
865.794 369.446
866.777 369.848
866.739 369.829
867.563 370.163
867.562 370.176
868.326 370.485
868.481 370.573
868.313 370.524
868.845 370.745
869.320 370.934
869.495 371.020
869.562 371.036
869.827 371.153
869.836 371.161
869.991 371.217
869.737 371.098
871.548 371.880
875.097 373.353
875.172 373.391
876.859 374.102
874.472 373.064
874.543 373.124
872.362 372.186
872.411 372.211
872.414 372.227
872.428 372.234
875.206 373.538
873.161 372.654
872.437 372.382
872.423 372.368
879.025 375.146
874.315 373.145
874.699 373.320
875.891 373.819
875.843 373.783
865.141 369.162
863.773 368.539
863.667 368.476
863.200 368.288
863.356 368.361
859.891 366.824
859.899 366.818
859.976 366.837
855.099 364.657
855.874 364.984
856.011 365.088
856.055 365.108
855.952 365.097
852.801 363.752
852.858 363.792
855.723 364.979
856.262 365.229
858.457 366.171
858.434 366.161
855.773 365.057
856.012 365.171
855.301 364.878
856.291 365.295
819.660 349.497
817.339 348.507
807.435 344.259
806.124 343.682
806.318 343.725
806.207 343.645
807.834 344.318
807.708 344.196
799.838 340.864
800.102 340.958
797.630 339.870
800.211 340.957
800.260 340.976
800.280 340.989
770.577 328.264
770.874 328.414
769.989 328.068
769.857 328.009
770.729 328.368
770.510 328.293
773.642 329.672
772.384 329.124
776.678 330.940
776.632 330.930
776.674 330.949
770.317 328.290
767.966 327.270
767.819 327.208
770.917 328.511
771.084 328.564
772.911 329.326
772.762 329.263
772.890 329.353
773.512 329.614
777.965 331.531
777.899 331.509
776.581 330.821
776.490 330.783
776.379 330.741
775.372 330.321
775.422 330.325
775.544 330.333
777.219 331.025
776.921 330.911
789.439 336.114
788.950 335.907
786.032 334.715
785.995 334.692
785.811 334.585
785.979 334.678
787.602 335.434
787.702 335.478
783.709 333.748
783.406 333.655
781.505 332.879
782.034 333.114
797.175 339.695
797.414 339.810
797.412 339.833
791.034 337.171
788.356 335.969
783.506 333.941
783.798 334.055
783.738 334.041
785.855 334.906
783.099 333.721
782.415 333.431
782.615 333.581
781.601 333.141
775.021 330.422
774.364 330.114
776.702 331.093
777.578 331.473
777.396 331.405
777.757 331.558
778.517 331.836
782.279 333.360
782.009 333.229
782.107 333.263
781.631 333.122
782.006 333.223
783.725 333.865
783.160 333.570
778.787 331.732
778.355 331.557
778.329 331.548
778.887 331.836
778.482 331.658
778.549 331.685
778.496 331.651
777.549 331.251
777.865 331.317
779.838 332.123
777.856 331.306
777.771 331.273
777.604 331.222
775.942 330.449
775.938 330.426
775.848 330.392
775.785 330.347
779.846 332.105
775.465 330.211
776.632 330.734
779.218 331.839
773.538 329.351
776.329 330.517
776.276 330.490
775.635 330.204
775.038 329.900
774.294 329.514
774.119 329.462
769.154 327.467
769.131 327.526
777.073 330.684
768.538 327.205
767.498 326.781
767.769 326.879
749.717 319.032
749.867 319.084
750.901 319.497
749.427 318.891
754.813 321.175
750.361 319.245
750.491 319.323
750.764 319.442
761.182 323.749
755.621 321.514
748.889 318.595
748.603 318.503
748.706 318.548
748.602 318.598
736.139 313.385
738.392 314.277
736.457 313.534
725.193 308.742
725.140 308.719
727.016 309.528
724.944 308.636
724.971 308.655
719.198 306.117
722.718 307.481
712.957 303.406
713.104 303.503
709.455 301.921
709.340 301.878
709.428 301.954
697.487 296.754
697.365 296.713
697.609 296.794
697.353 296.713
697.605 296.804
697.606 296.834
698.571 297.241
702.123 298.668
699.456 297.646
702.762 298.923
697.566 296.819
696.772 296.491
699.523 297.645
696.379 296.394
695.676 296.121
689.704 293.723
688.931 293.386
688.662 293.308
687.634 292.853
690.924 294.348
688.051 292.986
687.800 292.934
687.595 292.823
687.338 292.723
690.515 293.953
705.336 300.223
687.265 292.706
686.361 292.387
686.227 292.322
692.848 294.974
686.203 292.310
684.951 291.811
685.230 291.896
686.042 292.307
684.790 291.756
684.934 291.782
682.846 290.881
683.913 291.362
682.893 290.880
683.242 291.057
680.665 289.939
681.244 290.157
680.567 289.900
680.454 289.796
680.469 289.854
680.346 289.774
680.233 289.716
679.704 289.542
681.785 290.453
672.149 286.427
671.620 286.231
671.631 286.203
671.590 286.220
671.569 286.196
675.299 287.784
672.253 286.534
671.382 286.139
671.440 286.162
671.475 286.193
671.018 285.978
671.105 286.016
669.719 285.415
669.495 285.318
668.858 285.059
668.461 284.873
668.491 284.848
667.926 284.602
667.889 284.568
667.680 284.502
667.670 284.501
668.824 285.018
667.697 284.527
668.002 284.635
667.598 284.479
666.723 284.115
666.776 284.129
666.843 284.149
668.782 284.930
664.476 283.164
664.399 283.146
661.268 281.792
663.931 282.878
659.476 281.034
661.756 281.861
659.429 281.022
659.496 281.022
659.272 280.939
663.690 282.904
667.935 284.703
655.795 279.465
655.462 279.327
655.371 279.323
655.265 279.305
655.949 279.566
655.396 279.363
655.938 279.554
651.769 277.792
651.324 277.581
651.837 277.816
648.750 276.553
648.680 276.527
648.270 276.390
648.029 276.279
647.033 275.911
646.694 275.849
634.291 270.307
634.097 270.243
634.449 270.417
633.533 270.028
632.833 269.754
622.281 265.372
623.638 265.898
621.685 265.115
621.235 264.934
621.584 265.050
620.353 264.553
615.519 262.555
615.139 262.403
621.861 265.159
615.123 262.401
617.064 263.164
614.113 262.011
613.197 261.582
613.020 261.514
612.593 261.331
617.189 263.054
612.495 261.286
612.506 261.320
613.135 261.612
612.394 261.263
613.245 261.579
612.335 261.237
611.760 261.062
611.771 261.060
613.041 261.593
611.032 260.720
611.017 260.728
610.954 260.701
608.902 259.861
609.035 259.911
613.803 261.776
608.718 259.750
607.492 259.224
606.629 258.859
617.130 263.441
606.201 258.676
607.228 259.119
606.203 258.698
608.192 259.509
606.105 258.644
606.216 258.886
604.753 258.219
603.063 257.580
601.556 256.879
599.507 256.025
599.477 256.001
598.800 255.706
598.780 255.702
597.828 255.319
597.406 255.151
597.333 255.121
597.214 255.079
593.761 253.628
593.950 253.773
593.580 253.561
593.530 253.523
593.474 253.513
597.135 255.053
593.422 253.492
592.792 253.205
592.766 253.237
592.604 253.133
592.309 253.017
590.649 252.295
590.783 252.376
590.585 252.287
590.360 252.190
592.243 252.989
590.283 252.139
590.336 252.173
590.440 252.210
590.260 252.136
590.122 252.072
590.127 252.072
591.061 252.486
595.226 254.331
590.095 252.062
590.609 252.291
590.392 252.184
590.946 252.629
589.903 252.008
589.851 251.980
588.690 251.537
588.620 251.457
588.658 251.506
588.438 251.420
586.904 250.850
586.988 250.909
585.756 250.553
582.075 248.942
580.632 248.298
581.427 248.640
589.809 252.195
580.615 248.298
578.667 247.468
578.463 247.262
578.379 247.336
582.477 249.091
579.924 247.997
578.462 247.371
574.323 245.599
574.272 245.590
574.237 245.563
573.959 245.433
573.954 245.431
573.969 245.436
576.273 246.389
573.152 245.080
574.065 245.581
576.081 246.339
573.058 245.033
572.726 244.891
572.933 244.978
572.768 244.903
572.336 244.764
577.968 247.320
571.633 244.453
571.738 244.505
571.536 244.394
571.631 244.442
568.480 243.073
572.478 244.824
568.200 242.923
568.685 243.141
568.236 242.948
568.180 242.925
568.197 242.944
568.240 242.956
565.633 241.918
565.496 241.860
565.448 241.834
565.867 242.000
565.214 241.723
565.278 241.723
565.329 241.771
565.211 241.724
566.032 242.075
565.498 241.881
564.838 241.512
564.833 241.513
564.778 241.502
572.225 244.598
564.742 241.508
564.705 241.474
